Player           Team PS GP  Min  FGM  FGA  3M  3A FTM  FTA  OR   TR   AS  ST  TO  BK  PF  DQ   PTS  TC  EJ  FF Sta +/-
adams,steven      okl  C 63 1679  283  478   1   3 117  201 208  582  146  51  95  68 122   1   684   2   0   0  63  149
adebayo,bam       mia PF 72 2415  440  791   2  14 264  382 177  735  368  82 203  93 182   2  1146   0   0   0  72  245
aldridge,lamarcu  san  C 53 1757  391  794  61 157 158  191 104  392  129  36  74  87 128   1  1001   0   0   0  53 -129
alexander,kyle    mia PF  2   13    1    2   0   0   0    0   2    3    0   0   1   0   1   0     2   0   0   0   0   -3
alexander-walke   nor SG 47  590   98  266  46 133  25   37   9   84   89  17  54   8  57   0   267   0   0   0   1  -56
allen,grayson     mem SG 38  721  117  251  57 141  39   45   8   85   52  12  33   2  53   0   330   1   0   0   0  -96
allen,jarrett     bro PF 70 1854  302  465   0   6 171  270 216  671  110  40  77  92 162   2   775   1   0   0  64   45
allen,kadeem      nyk SG 10  118   19   44   5  16   7   11   2    9   21   5   8   2   7   0    50   0   0   0   0  -21
aminu,al-farouq   orl SF 18  381   25   86   9  36  19   29  24   88   21  18  17   8  27   0    78   0   0   0   2  -35
anderson,justin   bro SF 10  108   10   38   6  29   2    4   1   21    8   0   4   6  13   0    28   0   0   0   1    3
anderson,kyle     mem PF 67 1330  157  331  24  85  52   78  58  285  162  52  66  37 111   0   390   0   0   0  28  -92
anderson,ryan     hou PF  2   14    2    7   1   5   0    0   0    7    2   1   1   0   1   0     5   0   0   0   0    7
antetokounmpo,g   mil PF 63 1914  685 1238  89 293 398  629 140  856  354  61 230  66 195   5  1857   3   0   0  63  699
antetokounmpo,k   lal PF  4   19    3    3   0   0   1    2   2    3    2   0   1   0   2   0     7   0   0   0   0    7
antetokounmpo,t   mil SF 20  129   24   48   0  10   7   17  12   24   15   7  12   2  18   0    55   0   0   0   2  -16
anthony,carmelo   por PF 58 1904  336  782  87 226 136  161  71  368   85  49 100  27 171   0   895   6   0   0  58   19
anunoby,og        tor SF 69 2069  286  566  89 228  72  102  80  364  108  97  79  45 167   4   733   0   0   0  68  273
arcidiacono,rya   chi PG 58  930   90  220  54 138  27   38  20  110   96  27  37   3  96   1   261   1   0   0   4  -82
ariza,trevor      por SF 21  700   78  159  34  85  41   47  13  101   41  33  28   8  48   0   231   2   0   0  21   35
ariza,trevor      sac SF 32  789   64  165  43 122  21   27  21  146   50  35  28   8  63   0   192   0   0   0   0  -45
ariza,trevor      tot SF 53 1489  142  324  77 207  62   74  34  247   91  68  56  16 111   0   423   2   0   0  21  -10
augustin,d.j.     orl PG 57 1418  184  461  70 201 161  181  22  122  262  33  86   1  72   0   599   1   0   0  13   76
ayton,deandre     pho  C 38 1235  310  568   3  13  67   89 147  436   72  25  80  58 117   0   690   2   0   0  32   98
bacon,dwayne      cha SG 39  689   85  244  19  67  35   53  15  101   52  23  37   2  52   0   224   0   0   0  11 -132
bagley,marvin     sac PF 13  333   78  167   4  22  25   31  29   97   10   6  18  12  43   0   185   1   0   0   6  -89
ball,lonzo        nor PG 63 2023  277  687 148 395  43   76  71  383  438  89 192  37 128   0   745   0   0   0  54  -26
bamba,mohamed     orl  C 62  879  132  286  37 107  31   46 101  303   42  23  42  85 116   2   332   1   0   0   0   20
barea,j.j.        dal PG 29  453   85  207  32  85  20   22  10   53  112   5  38   2  27   0   222   0   0   0   6   20
barnes,harrison   sac SF 72 2481  365  792 102 268 214  267  77  355  160  43  88  12  93   0  1046   0   0   0  72 -124
barrett,rj        nyk SF 56 1705  292  726  63 197 156  254  50  279  143  55 126  17 122   0   803   0   0   0  55 -325
barton,will       den SF 58 1918  332  738 108 288 104  135  76  366  212  62  89  29 121   0   876   2   0   0  58  244
bates-diop,keit   den SF  7   98   13   28   3   9   8   10   4   17    0   2   3   4   7   0    37   0   0   0   0   -7
bates-diop,keit   min SF 37  645   87  206  31  94  46   65  21  110   30  17  14  20  36   0   251   0   0   0   0 -165
bates-diop,keit   tot SF 44  743  100  234  34 103  54   75  25  127   30  19  17  24  43   0   288   0   0   0   0 -172
batum,nicolas     cha SF 22  508   28   81  14  49   9   10  24   99   65  17  22   8  41   0    79   0   0   0   3  -48
baynes,aron       pho  C 42  936  183  382  59 168  56   75  73  240   67  10  50  23 141   4   481   3   0   0  28  -46
bazemore,kent     por SF 43 1111  113  326  56 171  58   72  13  172   61  45  60  31 121   1   340   4   0   0  21   15
bazemore,kent     sac SF 25  578   87  208  28  73  55   75  14  122   32  29  31   9  75   1   257   3   0   0   0   -5
bazemore,kent     tot SF 68 1689  200  534  84 244 113  147  27  294   93  74  91  40 196   2   597   7   0   0  21   10
bazley,darius     okl PF 61 1130  125  317  49 141  43   62  30  246   41  23  45  41  55   0   342   0   0   0   9  -79
beal,bradley      was SG 57 2051  593 1303 170 481 386  458  52  242  347  71 194  23 126   0  1742   7   0   0  57 -201
beasley,malik     den SG 41  748  117  301  58 161  33   38   9   77   48  31  36   6  50   0   325   1   0   0   0   27
beasley,malik     min SG 14  464  110  233  49 115  21   28   9   71   27   9  22   2  27   0   290   1   0   0  14  -77
beasley,malik     tot SG 55 1212  227  534 107 276  54   66  18  148   75  40  58   8  77   0   615   2   0   0  14  -50
belinelli,marco   san SF 57  880  123  314  67 178  48   58   7   99   69  12  19   1  45   0   361   0   0   0   0   19
bell,jordan       mem SG  2   21    3    7   2   3   2    2   2    3    2   1   3   0   2   0    10   0   0   0   0    0
bell,jordan       min SG 27  236   32   60   2   9  17   29  28   79   14   2  18  10  17   0    83   1   0   0   0   -8
bell,jordan       tot SG 29  257   35   67   4  12  19   31  30   82   16   3  21  10  19   0    93   1   0   0   0   -8
bembry,deandre'   atl SF 42  914  104  228  15  65  26   48  34  152   81  55  60  19  84   0   249   2   0   0   4 -255
bender,dragan     gsw SF  9  194   31   71  11  34   8   11  16   53   19   4  16   4  26   1    81   0   0   0   3  -49
bender,dragan     mil SF  7   91   10   21   4   9   2    3   0   20    9   0   5   5  16   0    26   0   0   0   0   44
bender,dragan     tot SF 16  285   41   92  15  43  10   14  16   73   28   4  21   9  42   1   107   0   0   0   3   -5
bertans,davis     was PF 54 1581  265  610 200 472 104  122  35  245   92  37  59  33 139   1   834   3   0   0   4  -12
beverley,patrick  lac PG 51 1340  147  341  80 206  31   47  57  266  183  54  66  25 156   5   405  11   0   0  50  285
birch,khem        orl PF 48  921   73  143   0   1  66  101  92  221   50  20  31  23  91   2   212   0   0   0  24 -130
bitadze,goga      ind  C 54  472   70  150   8  42  24   33  24  104   23  10  27  37  65   2   172   1   0   0   2  -14
biyombo,bismack   cha  C 53 1030  151  278   0   0  91  151 120  308   50  10  48  49 116   1   393   0   0   0  29 -153
bjelica,nemanja   sac PF 72 2012  314  654 134 321  69   84 110  457  203  61  98  40 216   1   831   0   0   0  67    4
bledsoe,eric      mil PG 61 1646  334  705  74 215 169  214  45  286  328  56 148  27 128   1   911   3   0   0  61  433
bogdanovic,bogda  sac SF 61 1768  337  766 164 441  86  116  26  207  207  65 101  15 133   0   924   1   0   0  28  -44
bogdanovic,boja   uta SF 63 2082  418  935 189 457 250  277  39  259  132  34 160   7 110   1  1275   2   0   0  63  267
bol,bol           den  C  6   87   14   28   4   9   8   10   5   19    6   2  10   6  11   0    40   0   0   0   0  -21
bolden,jonah      phi PF  4   15    2    3   0   1   0    2   0    1    0   1   2   0   4   0     4   0   0   0   0  -12
bolden,jonah      pho PF  3   32    2    8   0   3   2    2   3    8    0   2   0   2   6   0     6   0   0   0   0   13
bolden,jonah      tot PF  7   47    4   11   0   4   2    4   3    9    0   3   2   2  10   0    10   0   0   0   0    1
bolden,marques    cle  C  1    3    0    0   0   0   0    0   0    2    0   1   0   0   1   0     0   0   0   0   0    4
bone,jordan       det PG 10   54    5   20   2  10   0    0   0    4    8   1   2   0   6   0    12   0   0   0   0    0
bonga,isaac       was SF 66 1249  118  234  25  71  69   85  71  223   76  45  57  22 156   0   330   0   0   0  49  -34
booker,devin      pho SG 70 2507  627 1284 141 398 468  509  29  297  456  49 266  18 213   3  1863   8   0   0  70  130
boucher,chris     tor PF 62  818  141  299  38 118  91  116 107  277   26  23  28  62 114   0   411   0   0   0   0   99
bowen,brian       ind SG  6   31    3   10   0   2   0    0   1    7    0   0   1   1   3   0     6   0   0   0   1   13
bowman,ky         gsw PG 45 1017  134  321  33 107  34   41  24  120  131  45  70  10 102   0   335   1   0   0  12 -174
bradley,avery     lal SG 49 1185  170  383  63 173  20   24  18  114   63  43  47   5 110   0   423   1   0   0  44  183
bradley,tony      uta  C 58  658  126  189   3   3  30   46 112  268   23  14  30  33 115   1   285   0   0   0   3  -11
brantley,jarrel   uta PF  9   98   10   28   3  13   1    2   2   20   11   3   7   5   7   0    24   0   0   0   0  -37
brazdeikis,igna   nyk SF  9   53    6   22   1   9   4    5   2    5    4   0   2   1   3   0    17   0   0   0   0  -12
brewer,cory       sac SG  5   33    2    4   0   1   1    3   2    8    2   4   2   0   7   0     5   0   0   0   0    5
bridges,mikal     pho PF 73 2042  247  485  70 194 103  122  67  292  129 105  73  46 163   1   667   0   0   0  32  117
bridges,miles     cha SF 65 1995  319  753  99 300 106  131  87  361  114  40  94  49 132   1   843   0   0   0  64 -397
brissett,oshae    tor PF 19  135   13   36   3  15   8   10   9   26    7   4   7   1  18   0    37   0   0   0   0   34
broekhoff,ryan    dal SF 17  180   22   59  20  51   7    8   5   43   11   5   6   4  15   0    71   0   0   0   1    8
brogdon,malcolm   ind PG 54 1666  326  745  75 230 166  186  47  262  381  35 131  10  98   0   893   0   0   0  53   89
brooks,dillon     mem SG 73 2111  435 1067 147 412 164  203  68  243  150  64 123  27 278  10  1181   4   0   0  73  -41
brown,bruce       det SG 58 1635  198  447  33  96  88  119  61  274  230  63 101  29 162   0   517   3   0   0  43 -137
brown,charlie     atl SF  9   40    6   19   3   9   5    5   2    4    2   2   3   2   3   0    20   0   0   0   0   28
brown,jaylen      bos SF 57 1933  427  887 129 338 176  243  62  364  118  66 125  20 167   3  1159   1   0   0  57  229
brown,moses       por  C  7   31    4   10   0   0   3    8   3   14    1   1   3   1   7   0    11   0   0   0   0  -33
brown,sterling    mil SG 51  766   95  256  44 136  32   40  31  183   51  29  42   7  54   0   266   0   0   0   1   67
brown,troy        was SF 69 1782  273  622  61 179 109  139  76  383  178  84  79   7 132   0   716   0   0   0  22 -225
brunson,jalen     dal PG 56 1017  180  387  43 120  61   74  22  134  188  22  66   4  73   1   464   1   0   0  15  170
bryant,thomas     was  C 46 1145  243  418  37  91  85  115  98  331   83  25  53  49 103   1   608   6   0   0  36 -161
bullock,reggie    nyk SF 29  682   90  224  37 111  17   21  13   68   42  25  19   3  56   0   234   1   0   0  19  -78
burke,trey        dal PG  8  191   35   82  16  37  10   11   1   15   30   9   9   1  12   0    96   0   0   0   1  -13
burke,trey        phi PG 25  329   59  127  16  38  13   18  14   34   53   7  12   1  21   0   147   2   0   0   0   38
burke,trey        tot PG 33  520   94  209  32  75  23   29  15   49   83  16  21   2  33   0   243   2   0   0   1   25
burks,alec        gsw SG 48 1391  244  601  84 224 201  224  37  226  151  49  76  16 107   1   773   0   0   0  18 -259
burks,alec        phi SG 18  363   77  167  32  77  34   41  11   56   38  12  15   0  21   0   220   0   0   0   1   35
burks,alec        tot SG 66 1754  321  768 116 301 235  265  48  282  189  61  91  16 128   1   993   0   0   0  19 -224
burton,deonte     okl SF 38  358   43  125  10  53   8   14   7   57   17   6  19  10  33   0   104   0   0   0   0  -98
butler,jimmy      mia SF 58 1957  345  759  29 119 438  525 105  386  350 103 127  32  81   0  1157   4   0   0  58  258
caboclo,bruno     hou PF  8   53   10   20   2   8   6    6   6   16    2   5   6   5   8   0    28   0   0   0   0  -13
caboclo,bruno     mem PF 22  192   28   69   4  25   2    3  17   44   10  10   7  12  23   0    62   0   0   0   0  -19
caboclo,bruno     tot PF 30  245   38   89   6  33   8    9  23   60   12  15  13  17  31   0    90   0   0   0   0  -32
cacok,devontae    lal PF  1    9    3    6   0   0   0    0   2    5    1   0   0   0   0   0     6   0   0   0   0    5
caldwell-pope,k   lal SG 69 1761  237  507  92 239  79  102  38  142  111  58  62  14 128   0   645   4   0   0  26  156
cancar,vlatko     den SF 13   46    6   15   1   6   4    4   5   10    3   1   3   1   7   0    17   0   0   0   0   -8
capela,clint      hou  C 39 1281  244  388   0   0  55  104 168  537   48  34  63  70 102   0   543   0   0   0  39   60
carroll,demarre   hou SF  9  153   16   37   5  20  17   22   5   24   14   6   7   3  12   0    54   0   0   0   0  -22
carroll,demarre   san SF 15  135    9   29   3  13  12   20   7   31   11   2  10   2  20   0    33   0   0   0   0   19
carroll,demarre   tot SF 24  288   25   66   8  33  29   42  12   55   25   8  17   5  32   0    87   0   0   0   0   -3
carter,jevon      pho PG 58  944  101  243  62 146  23   27  30  118   84  45  31  17  86   0   287   2   0   0   2  -12
carter,vince      atl SG 60  874  107  304  61 202  23   29  18  124   48  23  33  25  90   0   298   0   0   0   0 -127
carter,wendell    chi  C 43 1255  183  343   6  29 112  152 139  405   51  33  72  36 162   5   484   1   0   0  43  -29
carter-williams   orl PG 45  832  111  260  22  75  79   95  46  148  109  49  52  22  87   2   323   4   0   0   0   22
caruso,alex       lal SG 64 1174  120  291  40 120  69   94  17  123  125  70  53  18  98   1   349   0   0   0   2  247
cauley-stein,wi   dal  C 13  157   31   45   0   1   5    9  13   60   10   4   5  11  19   0    67   1   0   0   2    9
cauley-stein,wi   gsw  C 41  938  144  257   0   0  35   57  71  255   60  46  35  50 102   1   323   1   0   0  37 -139
cauley-stein,wi   tot  C 54 1095  175  302   0   1  40   66  84  315   70  50  40  61 121   1   390   2   0   0  39 -130
chandler,tyson    hou  C 25  220   14   18   0   0   6   13  25   66    6   6   8   8  32   0    34   0   0   0   5   32
chandler,wilson   bro SF 35  733   74  183  37 121  20   23  12  146   39  16  34  12  79   0   205   0   0   0   3 -120
chealey,joe       cha PG  4   33    0    7   0   4   2    2   0    0    1   4   2   0   2   0     2   0   0   0   0  -18
cheatham,zylan    nor SF  4   51    6    9   0   1   0    0   3    9    3   1   4   1  10   0    12   0   0   0   0  -28
chiozza,chris     bro PG 18  277   45  106  20  56   5    5   9   38   55  11  23   2  25   0   115   0   0   0   2   42
chiozza,chris     was PG 10  122   10   34   7  16   0    0   0   15   28  10   9   2  12   0    27   0   0   0   0   49
chiozza,chris     tot PG 28  399   55  140  27  72   5    5   9   53   83  21  32   4  37   0   142   0   0   0   2   91
chriss,marquese   gsw PF 59 1197  210  386   8  39 120  156 115  366  114  39  79  62 122   0   548   6   0   0  21 -228
clark,gary        hou SF 18  211   23   59  18  51   6    7  11   40   12   2   2   7  21   0    70   0   0   0   0   13
clark,gary        orl SF 24  353   31   74  21  60   3    3  26   70    5   4   8  15  25   0    86   0   0   0   5  -70
clark,gary        tot SF 42  564   54  133  39 111   9   10  37  110   17   6  10  22  46   0   156   0   0   0   5  -57
clarke,brandon    mem PF 58 1299  296  477  23  64  85  112  91  344   81  33  55  48 100   0   700   1   0   0   4  -20
clarkson,jordan   cle SG 29  668  144  326  59 159  76   86  21   69   70  17  39   8  33   0   423   1   0   0   0  -96
clarkson,jordan   uta SG 42 1039  250  542  93 254  62   79  29  118   66  29  58   8  75   1   655   1   0   0   2   91
clarkson,jordan   tot SG 71 1707  394  868 152 413 138  165  50  187  136  46  97  16 108   1  1078   2   0   0   2   -5
claxton,nicolas   bro  C 15  188   27   48   1   7  11   21  19   44   16   1   9   8  14   0    66   0   0   0   0  -67
clemons,chris     hou PG 33  293   57  142  37 107  10   11   4   30   27   8  19   5  26   0   161   0   0   0   0  -62
cleveland,anton   dal SG 10   45    4   14   0   3   3    5   2    7    1   1   2   3   8   0    11   0   0   0   0  -12
coffey,amir       lac SF 17  160   23   54   6  19   6   11   4   16   14   5   8   2  20   1    58   0   0   0   1   -5
collins,john      atl PF 41 1359  353  605  59 147 120  150 116  416   60  31  75  66 138   3   885   0   0   0  41 -159
collins,zach      por PF 11  290   32   68   7  19   6    8  25   69   16   5  14   5  36   1    77   1   0   0  11   36
conley,mike       uta PG 47 1359  232  567  96 256 115  139  32  150  208  37  92   5 104   0   675   0   0   0  41   73
connaughton,pat   mil SF 66 1241  137  301  55 166  31   40  59  283  107  24  51  32  70   0   360   0   0   0   4   85
cook,quinn        lal PG 44  505   91  215  31  85  11   14  12   52   49  12  33   2  27   0   224   1   0   0   1   57
cook,tyler        cle PF 10   34    7   10   0   0   5    6   4    9    1   1   1   0   4   0    19   0   0   0   0  -14
cook,tyler        den PF  2   19    1    2   0   0   2    2   2    4    0   2   2   0   1   0     4   0   0   0   0   -3
cook,tyler        tot PF 12   53    8   12   0   0   7    8   6   13    1   3   3   0   5   0    23   0   0   0   0  -17
covington,rober   hou SF 22  726   89  227  53 168  24   30  27  176   32  33  30  49  72   0   255   0   0   0  21   76
covington,rober   min SF 48 1410  216  496 108 312  75   94  37  287   56  79  73  45 148   1   615   2   0   0  47  -42
covington,rober   tot SF 70 2136  305  723 161 480  99  124  64  463   88 112 103  94 220   1   870   2   0   0  68   34
crabbe,allen      atl SF 28  523   52  143  30  93   9   12   9   64   28  15  12   4  36   0   143   0   0   0   1 -171
crabbe,allen      min SF  9  131   11   34   6  26   1    2   1   12    5   0   5   0  11   0    29   0   0   0   0  -56
crabbe,allen      tot SF 37  654   63  177  36 119  10   14  10   76   33  15  17   4  47   0   172   0   0   0   1 -227
craig,torrey      den PF 58 1071  124  269  45 138  22   36  63  189   47  23  25  36 135   2   315   0   0   0  27 -174
crawford,jamal    bro SG  1    6    2    4   1   2   0    0   0    0    3   0   0   0   1   0     5   0   0   0   0    4
crowder,jae       mem SF 45 1324  147  399  78 266  75   95  40  277  125  47  54  14  85   0   447   4   0   0  45 -123
crowder,jae       mia SF 20  554   79  164  57 128  22   30  12  107   36  25  15  10  58   2   237   1   0   0   8   -6
crowder,jae       tot SF 65 1878  226  563 135 394  97  125  52  384  161  72  69  24 143   2   684   5   0   0  53 -129
culver,jarrett    min SF 63 1507  230  569  66 221  54  117  70  213  110  56  82  39 125   0   580   1   0   0  35 -103
curry,seth        dal PG 64 1576  284  574 145 321  80   97  26  144  124  38  62   9 113   1   793   0   0   0  25  161
curry,stephen     gsw SG  5  139   33   82  12  49  26   26   4   27   33   5  16   2  11   0   104   1   0   0   5  -43
daniels,troy      den PG  6   77   10   28   6  20   0    0   0    6    3   3   3   0   7   0    26   0   0   0   0    6
daniels,troy      lal PG 41  455   62  158  40 112  10   16  12   46   14   8   9   3  30   0   174   0   0   0   0   -2
daniels,troy      tot PG 47  532   72  186  46 132  10   16  12   52   17  11  12   3  37   0   200   0   0   0   0    4
davis,anthony     lal PF 62 2131  551 1096  72 218 444  525 141  576  200  91 152 143 156   0  1618   2   0   0  62  241
davis,ed          uta  C 28  303   22   46   0   0   7   14  35  105   12  11  13   9  61   0    51   0   0   0   1 -108
davis,terence     tor SG 71 1210  199  436  94 242  51   59  50  237  115  39  76  14 124   2   543   1   0   0   4  200
dedmon,dewayne    atl  C 10  235   33   84   8  36   7    8  14   82    7  10  10  15  40   2    81   1   0   0   8    1
dedmon,dewayne    sac  C 34  541   69  171  14  71  23   28  46  167   15  15  47  26  93   0   175   1   0   0  10  -29
dedmon,dewayne    tot  C 44  776  102  255  22 107  30   36  60  249   22  25  57  41 133   2   256   2   0   0  18  -28
dellavedova,mat   cle PG 57  820   62  175  21  91  32   37  18   75  180  21  59   2  78   0   177   1   0   0   4  -12
derozan,demar     san SG 68 2318  557 1049   9  35 380  450  44  376  379  69 164  20 180   1  1503  13   0   0  68 -118
diallo,cheick     pho  C 47  480   92  142   1   3  34   39  31  131   22  11  32  12  55   0   219   0   0   0   2  -47
diallo,hamidou    okl SG 46  896  132  296  16  57  38   63  44  167   36  37  51   9 101   0   318   3   0   0   3   13
dieng,gorgui      mem  C 17  319   42   87   8  32  31   42  18   98   15  14  16  17  35   0   123   0   0   0   0   -1
dieng,gorgui      min  C 46  780  124  277  46 120  47   59  73  256   58  37  44  42  89   1   341   0   0   0  17 -102
dieng,gorgui      tot  C 63 1099  166  364  54 152  78  101  91  354   73  51  60  59 124   1   464   0   0   0  17 -103
dinwiddie,spenc   bro PG 64 1996  424 1020 123 400 347  446  32  221  432  40 174  21 180   0  1318   6   0   0  49   52
divincenzo,dont   mil SG 66 1522  232  510  83 247  63   86  66  318  154  88  90  21 113   0   610   0   0   0  24  410
doncic,luka       dal PG 61 2046  581 1254 171 541 426  562  78  573  538  61 262  14 153   1  1759   8   0   0  61  253
dort,luguentz     okl SG 36  821   86  219  30 101  42   53  24   81   27  32  22   4  97   1   244   0   0   0  28   53
dotson,damyean    nyk SG 48  836  120  290  59 163  22   33  10   91   57  23  21   4  44   0   321   0   0   0   0  -87
doumbouya,sekou   det SF 38  757   92  236  28  98  31   46  20  118   19  20  35   8  80   1   243   0   0   0  19 -176
dozier,pj         den PG 29  410   65  157  17  49  21   29  10   55   63  14  27   6  45   0   168   0   0   0   0  -66
dragic,goran      mia PG 59 1663  319  724 124 338 191  246  29  187  301  40 145  10 124   0   953   1   0   0   3  165
drummond,andre    cle  C  8  226   58  106   4  14  20   39  25   90   14  12  29  11  25   0   140   2   0   0   8  -70
drummond,andre    det  C 49 1654  360  679   1  21 149  255 227  777  138  97 174  82 176   5   870   7   0   0  48 -121
drummond,andre    tot  C 57 1880  418  785   5  35 169  294 252  867  152 109 203  93 201   5  1010   9   0   0  56 -191
dudley,jared      lal SF 45  366   24   60  18  42   2    2   6   52   28  15   8   3  41   0    68   1   0   0   1   17
dunn,kris         chi PG 50 1268  152  342  29 112  40   54  23  188  173 100  68  18 158   5   373   2   0   0  31  -29
edwards,carsen    bos PG 36  352   42  128  24  76  13   19   6   47   24  12  15   4  34   0   121   0   0   0   0  -46
ellenson,henry    bro PF  5   15    1    7   0   4   0    0   2    6    1   0   0   0   1   0     2   0   0   0   0   12
ellington,wayne   nyk SG 34  556   61  174  50 143  11   13   4   65   44  13  18   4  41   0   183   0   0   0   1  -21
embiid,joel       phi  C 51 1506  382  802  57 172 352  436 141  593  152  44 159  66 174   2  1173   5   0   0  51  163
ennis,james       orl SF 20  489   60  133  18  63  31   37  23   95   22  12  27   8  52   0   169   0   0   0  18  -19
ennis,james       phi SF 49  777  100  226  37 106  48   61  48  150   41  22  30  15  85   0   285   1   0   0   0   16
ennis,james       tot SF 69 1266  160  359  55 169  79   98  71  245   63  34  57  23 137   0   454   1   0   0  18   -3
eubanks,drew      san PF 22  271   43   67   1   1  20   26  28   85   15   5  21  17  37   0   107   1   0   0   3  -71
evans,jacob       gsw SG 27  414   45  133  13  38  25   29   9   41   31  11  25  12  41   0   128   0   0   0   1 -111
evans,jacob       min SG  2    4    0    1   0   1   0    0   0    0    0   0   0   0   0   0     0   0   0   0   0   10
evans,jacob       tot SG 29  418   45  134  13  39  25   29   9   41   31  11  25  12  41   0   128   0   0   0   1 -101
exum,dante        cle SG 24  401   46   96  13  37  30   41   9   56   33  11  21   6  30   0   135   0   0   0   1  -93
exum,dante        uta PG 11   83   10   23   2   6   2    2   3   12    7   1  10   2   8   0    24   0   0   0   0  -16
exum,dante        tot PG 35  484   56  119  15  43  32   43  12   68   40  12  31   8  38   0   159   0   0   0   1 -109
fall,tacko        bos  C  7   34   11   14   0   0   1    3   1   15    1   2   3   4   7   0    23   0   0   0   0    7
favors,derrick    nor PF 51 1239  209  338   1   7  40   71 163  499   81  30  55  46 107   0   459   0   0   0  49  115
felicio,cristia   chi  C 22  386   34   54   0   2  18   23  55  103   16  10  18   2  34   0    86   0   0   0   0  -57
ferguson,terran   okl PF 56 1255   78  220  49 168  15   20  23   75   51  26  31  17 155   1   220   0   0   0  38 -143
fernando,bruno    atl  C 56  711  103  199   5  37  29   51  67  198   49  18  42  17 107   0   240   1   0   0  13  -94
ferrell,yogi      sac PG 50  530   79  188  24  79  36   42   6   49   69  18  28   4  38   0   218   0   0   0   0  -14
finney-smith,do   dal PF 71 2121  243  522 114 303  78  108 145  405  114  45  69  39 178   2   678   2   0   0  68  276
forbes,bryn       san PG 63 1581  242  581 148 381  75   90  12  126  108  33  57   0 113   1   707   0   0   0  62 -216
fournier,evan     orl SG 66 2078  434  930 173 434 180  220  17  171  209  71 124  15 161   1  1221   2   0   0  66  -82
fox,de'aaron      sac PG 51 1635  391  815  54 185 241  342  35  196  348  74 158  25 145   1  1077   5   0   0  49 -121
frazier,melvin    orl SF 19  127   15   34   8  16   2    4   2   10    3   9   5   2  11   0    40   0   0   0   0  -39
frazier,michael   hou SG 12  144    7   29   4  23   9   14   1   10    2   2   5   0  22   0    27   0   0   0   0  -58
frazier,tim       det PG 27  355   34   94  10  30  19   24   9   33   93  14  36   3  42   0    97   0   0   0  11  -54
fultz,markelle    orl PG 72 1994  359  772  36 135 116  159  40  238  369  90 147  12 142   0   870   0   0   0  60  -59
gabriel,wenyen    por PF 19  174   15   31   5  12   9   12  17   42    5   8  11   5  32   1    44   0   0   0   1  -17
gabriel,wenyen    sac PF 11   63    6   17   1   8   6   10   4   10    3   3   5   2   7   0    19   0   0   0   0  -27
gabriel,wenyen    tot PF 30  237   21   48   6  20  15   22  21   52    8  11  16   7  39   1    63   0   0   0   1  -44
gafford,daniel    chi  C 43  608   94  134   0   0  32   60  52  106   21  13  29  56  98   4   220   1   0   0   7  -29
gallinari,danil   okl PF 62 1834  358  817 178 439 266  298  34  322  119  42  76   5  75   0  1160   2   0   0  62  231
galloway,langst   det SG 66 1703  236  542 132 331  72   84  33  148  101  48  40  10  96   1   676   1   0   0   6 -143
garland,darius    cle PG 59 1825  280  698 105 296  63   72  26  111  229  42 151   4  92   0   728   1   0   0  59 -295
gasol,marc        tor  C 44 1159  119  279  57 148  36   49  31  274  147  34  59  38 124   0   331   3   0   0  43  267
gay,rudy          san PF 67 1460  266  596  74 220 120  136  61  362  114  35  88  33 103   0   726   2   0   0   5   12
george,paul       lac SF 48 1417  343  782 157 381 190  217  24  272  185  67 125  20 113   1  1033   2   0   0  48  258
gibson,taj        nyk PF 62 1029  167  286   4  14  41   56 111  267   52  27  46  30 122   0   379   1   0   0  56 -261
giles,harry       sac PF 46  669  139  251   0   2  38   49  43  188   60  22  44  18 119   1   316   6   0   0  17 -129
gilgeous-alexan   okl PG 70 2430  478 1013  87 251 288  357  47  412  232  79 136  47 117   0  1331   0   0   0  70  151
gobert,rudy       uta  C 68 2334  386  557   0   0 254  403 232  919  103  50 130 135 215   3  1026  10   0   0  68  293
goodwin,brandon   atl PG 34  429   76  190  26  87  28   30  11   72   51  12  29   4  43   0   206   0   0   0   1 -128
gordon,aaron      orl PF 62 2018  335  767  73 237 151  224 107  476  228  51 100  39 125   1   894   6   0   0  62  -68
gordon,eric       hou SG 36 1015  171  463  96 303  82  107   9   71   54  23  43  12  70   0   520   1   0   0  15    3
graham,devonte'   cha PG 63 2209  368  963 218 585 191  233  41  210  472  62 181  15 115   0  1145   0   0   0  53 -185
graham,treveon    atl SG 22  265   25   67  13  37   9   19  22   50   15   7  10   4  36   0    72   0   0   0   0  -41
graham,treveon    min SG 33  665   62  176  20  83  27   37  30  101   30  17  19   2  66   1   171   2   0   0  20 -110
graham,treveon    tot SG 55  930   87  243  33 120  36   56  52  151   45  24  29   6 102   1   243   2   0   0  20 -151
grant,jerami      den PF 71 1890  303  633  98 252 145  194  57  247   88  50  63  57 154   0   849   2   0   0  24  -86
grant,jerian      was PF  6   80   10   27   2   8   5    7   2    6    9   1   3   1  11   0    27   0   0   0   0   -3
gray,josh         nor PG  2   22    1    2   0   0   0    0   1    2    2   0   5   0   1   0     2   0   0   0   0   -7
green,danny       lal SG 68 1684  197  474 120 327  33   48  52  226   91  84  63  31 136   0   547   2   0   0  68  255
green,draymond    gsw PF 43 1217  123  315  36 129  63   83  23  266  266  59  98  33 110   0   345  13   0   0  43 -192
green,jamychal    lac PF 63 1305  151  352  92 238  36   48  77  388   49  28  54  24 174   1   430   2   0   0   1  149
green,javonte     bos PG 46  463   63  126   9  33  28   42  24   93   26  24  23   8  43   0   163   0   0   0   2  -31
green,jeff        hou PF 18  406   84  149  28  79  24   28  10   52   30  15  15   9  43   0   220   0   0   0   2   22
green,jeff        uta SF 30  554   75  195  34 104  49   63  14   81   20  12  27  10  46   0   233   0   0   0   2 -107
green,jeff        tot SF 48  960  159  344  62 183  73   91  24  133   50  27  42  19  89   0   453   0   0   0   4  -85
griffin,blake     det PF 18  513   88  250  27 111  76   98  17   84   59   7  40   7  27   0   279   3   0   0  18  -26
guduric,marko     mem SG 44  482   62  157  25  83  24   26  14   73   45  12  36   8  34   0   173   1   0   0   0  -28
guy,kyle          sac PG  3   10    2    5   0   3   0    0   0    1    1   0   0   0   1   0     4   0   0   0   0  -11
hachimura,rui     was PF 48 1442  254  545  25  87 116  140  78  294   87  37  53   8 105   0   649   0   0   0  48 -253
hall,devon        okl SG 11   82    6   30   4  17   4    8   2    7   13   4   5   1   6   0    20   0   0   0   0    9
hall,donta        bro SF  5   85   14   18   0   0   5   12   8   23    2   2   3   5  14   0    33   0   0   0   0   -8
hall,donta        det SF  4   48    1    4   0   0   4    6   6   15    2   1   2   1   9   0     6   0   0   0   0  -27
hall,donta        tot SF  9  133   15   22   0   0   9   18  14   38    4   3   5   6  23   0    39   0   0   0   0  -35
hannahs,dusty     mem SF  2   13    4    9   2   3   2    2   0    1    0   0   0   0   1   0    12   0   0   0   0    5
hardaway,tim      dal SF 71 2091  384  884 204 513 149  182  25  232  137  43  69   5 125   0  1121   2   0   0  58  290
harden,james      hou SG 68 2477  672 1514 299 843 692  800  69  446  512 125 308  60 227   0  2335   5   0   0  68  286
harkless,moe      lac SF 50 1138  112  217  27  73  24   42  47  201   48  48  46  30 120   0   275   1   0   0  38   56
harkless,moe      nyk SF 12  287   30   66   7  25  15   24   8   40   20   9   7   3  28   0    82   0   0   0  10  -35
harkless,moe      tot SF 62 1425  142  283  34  98  39   66  55  241   68  57  53  33 148   0   357   1   0   0  48   21
harper,jared      pho PG  3    8    1    4   0   2   0    0   0    0    0   0   0   0   0   0     2   0   0   0   0  -11
harrell,montrezl  lac  C 63 1751  471  813   0  18 231  351 164  447  107  40 108  71 146   0  1173   3   0   0   2  251
harris,gary       den SG 56 1779  218  519  70 210  75   92  26  162  118  76  60  14 116   1   581   1   0   0  55  122
harris,joe        bro SG 69 2119  381  784 172 406  64   89  64  298  144  41 105  17 159   2   998   0   0   0  69   85
harris,tobias     phi PF 72 2467  553 1173 131 357 173  215  69  495  227  52 104  40 165   3  1410   1   0   0  72  160
harrison,shaqui   chi PG 42  486   77  165  16  42  39   50  22   85   49  35  19  19  55   1   209   0   0   0  10   61
hart,josh         nor SF 65 1756  225  532 121 354  85  115  61  426  111  63  75  23 160   2   656   7   0   0  16 -114
hartenstein,isa   hou PF 23  265   44   67   0   5  19   28  29   90   18   9  16  12  41   0   107   0   0   0   2   40
haslem,udonis     mia PF  4   45    4   11   1   3   3    4   1   16    1   0   1   0   6   0    12   0   0   0   1  -19
hayes,jaxson      nor  C 64 1078  174  260   1   4 123  190  99  261   56  26  53  56 161   1   472   2   0   0  14  -58
hayward,gordon    bos SF 52 1743  350  700  85 222 124  145  55  348  212  38  96  22  96   0   909   1   0   0  52  332
henson,john       cle PF 29  414   61  120   6  31  17   33  32  114   43  16  21  32  55   0   145   0   0   0   2  -21
henson,john       det  C 11  189   34   51   2   5   6   13  14   48   11   8  15  10  23   0    76   0   0   0   6    1
henson,john       tot  C 40  603   95  171   8  36  23   46  46  162   54  24  36  42  78   0   221   0   0   0   8  -20
hernandez,dewan   tor  C  6   28    5   14   1   2   3    5   5   14    3   1   3   0   6   0    14   0   0   0   0   11
hernangomez,gui   cha  C 31  374   74  140   5  22  37   59  45  136   29  10  29   7  32   0   190   0   0   0   0  -18
hernangomez,jua   den  C 34  422   38  110  15  60  16   25  24   95   22   5  18   5  29   0   107   0   0   0   0    8
hernangomez,jua   min  C 14  412   62  137  29  69  28   46  19  102   18  14  13   4  35   0   181   0   0   0  14  -63
hernangomez,jua   tot  C 48  834  100  247  44 129  44   71  43  197   40  19  31   9  64   0   288   0   0   0  14  -55
herro,tyler       mia SG 55 1503  270  631 116 298  87  100  16  224  121  34  87   9  76   0   743   0   0   0   8  -20
hervey,kevin      okl PF  8   50    7   27   3  20   0    0   1   12    5   1   0   1   4   0    17   0   0   0   0  -34
hezonja,mario     por SF 53  875   92  218  24  78  48   59  30  184   50  36  42   9 107   1   256   2   0   0   4 -176
hield,buddy       sac SG 72 2215  498 1163 271 688 115  136  58  329  213  67 168  17 165   0  1382   2   0   0  44 -106
hill,george       mil SG 59 1270  194  376  81 176  85  101  50  177  180  47  57   5  84   1   554   0   0   0   2  300
hill,solomon      mem  C 48  902   96  232  56 146  26   38  24  144   94  31  39   7  73   0   274   1   0   0   3  -55
hill,solomon      mia  C 10  186   14   45   7  24  14   16   5   21   10  12  11   5  12   0    49   0   0   0   1  -22
hill,solomon      tot  C 58 1088  110  277  63 170  40   54  29  165  104  43  50  12  85   0   323   1   0   0   4  -77
hoard,jaylen      por SF 12  103   15   32   0   3   8   13  14   31    4   5   4   0  12   0    38   0   0   0   0   10
holiday,aaron     ind PG 66 1617  233  563  87 221  74   87  22  155  225  55  87  17 120   0   627   2   0   0  33  112
holiday,jrue      nor SG 61 2115  458 1006 122 346 129  182  78  294  408  99 185  48 145   0  1167   1   0   0  61   35
holiday,justin    ind SF 73 1824  208  485 134 331  53   67  32  239   93  87  43  46 137   0   603   2   0   0   6   36
hollis-jefferso   tor SF 60 1121  155  329   3  23 105  143 110  284  106  46  58  23 116   2   418   1   0   0   6   79
holmes,richaun    sac PF 44 1240  223  345   0   0  93  118 127  358   42  41  52  56 169   3   539   2   0   0  38   16
hood,rodney       por SG 21  619   87  172  35  71  21   27  10   72   32  17  19   4  46   0   230   0   0   0  21    5
horford,al        phi PF 67 2023  319  709  99 283  61   80 103  456  270  54  80  61 142   1   798   1   0   0  61  127
horton-tucker,t   lal SF  6   80   14   30   4  13   2    4   2    7    6   8   6   1  10   0    34   0   0   0   1  -19
house,danuel      hou SG 63 1912  230  539 129 355  73   90  55  265   85  67  53  34 133   0   662   2   0   0  52  123
howard,dwight     lal  C 69 1302  202  277   3   5 110  214 171  508   45  31  85  79 222   0   517   7   0   0   2  162
howard,william    hou SF  2   13    0    4   0   4   0    0   0    2    1   0   1   0   1   0     0   0   0   0   0  -16
huerter,kevin     atl SG 56 1763  252  610 127 334  53   64  36  229  214  51  87  27 139   1   684   2   0   0  48 -242
hunter,de'andre   atl SF 63 2014  280  683 108 304 110  144  44  286  111  44 103  18 182   2   778   0   0   0  62 -261
hutchison,chand   chi SF 28  526   80  175  12  38  46   78  18  106   26  27  27   7  47   0   218   0   0   0  10 -143
ibaka,serge       tor  C 55 1485  343  670  70 182  89  124 114  452   77  28 109  46 153   1   845   0   0   0  27   95
iguodala,andre    mia SF 21  418   38   88  14  47   6   15  17   78   51  14  27  21  35   0    96   0   0   0   0  -27
ilyasova,ersan    mil PF 63  984  146  313  50 137  72   87  62  301   49  23  34  17  95   0   414   0   0   0   8   81
ingles,joe        uta SF 72 2138  246  553 141 353  74   94  27  278  372  65 141  11 154   1   707   6   0   0  45  237
ingram,brandon    nor SF 62 2103  507 1096 150 384 313  368  51  380  259  61 189  38 179   4  1477   4   0   0  62  -44
irving,kyrie      bro PG 20  659  199  416  56 142  94  102  22  103  128  27  52  10  53   0   548   0   0   0  20   -7
isaac,jonathan    orl SF 34  981  156  332  32  94  60   77  58  231   48  53  49  78  83   0   404   0   0   0  32   18
iwundu,wes        orl SF 52  954   97  232  28  82  78   97  24  131   60  25  27  13  80   0   300   2   0   0  21   10
jackson,frank     nor PG 59  795  134  331  47 144  56   75  22   83   61  17  49   4  77   0   371   1   0   0   2  -59
jackson,jaren     mem  C 57 1625  353  753 145 368 139  186  55  262   78  40  99  92 232   8   990   2   0   0  57 -104
jackson,josh      mem SF 22  383   70  159  23  72  35   50  11   66   35  19  29   9  40   0   198   2   0   0   0   21
jackson,justin    dal SF 65 1046  135  341  48 163  42   50  27  154   52  15  14  10  69   0   360   0   0   0   3    5
jackson,reggie    det PG 14  378   76  198  31  82  26   33  11   41   72   8  23   1  21   0   209   0   0   0  10   48
jackson,reggie    lac PG 17  362   58  128  26  63  19   21   6   51   54   5  28   4  38   0   161   0   0   0   6   60
jackson,reggie    tot PG 31  740  134  326  57 145  45   54  17   92  126  13  51   5  59   0   370   0   0   0  16  108
james,justin      sac SG 30  234   35   84   9  29  10   21   6   32   18   6   7   9  17   0    89   0   0   0   0  -21
james,lebron      lal SF 67 2315  643 1303 148 425 264  381  64  524  684  78 261  36 118   0  1698   2   0   0  67  441
jefferson,amile   orl PF 17   75    5   14   0   0   5   14  10   23    4   1   3   3   7   0    15   0   0   0   0   18
jeffries,daquan   sac PG 12  141   20   40   5  18   5    6   3   18    7   4   2   1  19   0    50   0   0   0   0    3
jerome,ty         pho PG 31  327   38  113  14  50  12   16   7   46   44  15  18   3  29   0   102   0   0   0   0 -102
johnson,alize     ind PF 16  116   12   29   3   8   7   10  16   49    7   3   7   2  12   0    34   0   0   0   1   28
johnson,b.j.      orl SF 10   84    9   32   3   9   9   10   3   15    3   3   6   0   3   0    30   0   0   0   0   -9
johnson,cameron   pho SF 57 1251  176  405 106 272  46   57  48  187   69  35  32  20  88   0   504   0   0   0   9   11
johnson,james     mia SF 18  282   39   87  16  45   8   14   8   52   21   6  15  13  34   1   102   0   0   0   0   18
johnson,james     min SF 14  337   64  128  17  46  23   34  17   66   53  18  33  20  46   1   168   0   0   0   1  -94
johnson,james     tot SF 32  619  103  215  33  91  31   48  25  118   74  24  48  33  80   2   270   0   0   0   1  -76
johnson,keldon    san SF 17  300   53   89  13  22  35   44  10   57   15  14  13   2  28   0   154   0   0   0   1   67
johnson,stanley   tor SF 25  150   22   59   7  24   9   16   7   37   20   6  15   4  16   0    60   0   0   0   0   12
johnson,tyler     bro SF  8  194   32   79  14  36  18   18   8   25   24   4   5   1  15   0    96   0   0   0   4   -2
johnson,tyler     pho SF 31  516   65  171  24  83  24   32  10   52   50  12  24   8  43   0   178   0   0   0   3 -101
johnson,tyler     tot SF 39  710   97  250  38 119  42   50  18   77   74  16  29   9  58   0   274   0   0   0   7 -103
jokic,nikola      den  C 73 2335  565 1071  80 255 246  301 166  711  512  85 225  44 222   1  1456   3   0   0  73  255
jones,damian      atl  C 55  886  121  178   2   9  62   84  74  206   35  26  28  40 149   3   306   0   0   0  27 -256
jones,derrick     mia SF 57 1377  184  349  37 132  95  123  66  233   62  59  30  37 129   0   500   0   0   0  16  -21
jones,tyus        mem PG 65 1229  197  429  47 124  43   58   9  102  285  58  56   6  44   0   484   0   0   0   6  -49
jordan,deandre    bro  C 56 1231  191  287   0   0  83  122 141  561  105  18  74  52 114   0   465   4   0   0   6  -39
joseph,cory       sac PG 72 1754  171  412  56 159  60   70  44  188  251  53  80  21 133   1   458   0   0   0  26  -45
kabengele,mfiond  lac  C 12   64   14   32   9  20   5    5   1   11    2   2   2   2   9   0    42   0   0   0   0   -1
kaminsky,frank    pho  C 39  776  138  307  41 124  61   90  35  176   75  15  37  10  75   0   378   0   0   0  13   -9
kanter,enes       bos  C 58  982  199  348   1   7  70   99 163  431   56  23  56  41 100   0   469   1   0   0   7  211
kennard,luke      det SG 28  921  151  342  73 183  67   75   9   98  115  12  43   6  65   0   442   0   0   0  25  -22
kidd,stanton      uta PF  4   15    0    3   0   1   0    0   0    3    1   0   2   0   3   0     0   0   0   0   0   -1
kidd-gilchrist,   cha SF 12  159   18   53   5  17   7    9   9   35   10   0   7   3  18   0    48   0   0   0   0   22
kidd-gilchrist,   dal SF 13  122    4   13   0   3   4    5   5   32    4   2   9   3  19   0    12   0   0   0   0  -11
kidd-gilchrist,   tot SF 25  281   22   66   5  20  11   14  14   67   14   2  16   6  37   0    60   0   0   0   0   11
king,louis        det PF 10   62    8   21   4  11   0    3   1   10    5   2   2   0  10   0    20   1   0   0   0   19
kleber,maxi       dal PF 74 1888  237  514 119 319  79   93 112  389   88  25  58  84 176   2   672   2   0   0  21  104
knight,brandon    cle SG 16  239   28   86  19  64   4   13   3   20   31   5  16   2  20   0    79   0   0   0   0  -49
knight,brandon    det SG  9  221   31   81  26  67  16   21   1   21   38   5  22   1  20   0   104   0   0   0   3  -21
knight,brandon    tot SG 25  460   59  167  45 131  20   34   4   41   69  10  38   3  40   0   183   0   0   0   3  -70
knox,kevin        nyk SF 65 1167  144  401  65 199  66  101  28  184   61  23  45  28 106   0   419   0   0   0   4 -179
konchar,john      mem SG 19  179   24   37   5  10   1    2  18   47   22   7   7   3   7   0    54   0   0   0   0   36
korkmaz,furkan    phi SG 72 1560  242  564 143 356  77  102  18  168   79  41  59  16  98   0   704   0   0   0  12   90
kornet,luke       chi  C 36  560   82  187  31 108  20   28  22   84   32  11  14  26  54   1   215   0   0   0  14  -42
korver,kyle       mil SF 58  957  126  293  99 237  35   41  15  122   68  25  49  12  78   0   386   0   0   0   1  127
kurucs,rodions    bro SF 47  680   79  177  33  90  24   38  25  137   51  25  46   5  90   0   215   0   0   0   9  -27
kuzma,kyle        lal PF 61 1522  291  668  86 272 114  155  52  273   80  28  91  26 126   0   782   1   0   0   9  181
labissiere,skal   por  C 33  565   81  147   3  13  25   33  65  168   42   7  30  31  89   0   190   0   0   0   1   12
lamb,jeremy       ind SG 46 1291  216  479  53 158  92  110  24  200   96  54  50  22 104   0   577   0   0   0  42    1
langford,romeo    bos SG 31  368   28   80   5  27  18   25  15   41   13   7  11   8  33   0    79   0   0   0   2   67
lavine,zach       chi SG 60 2086  539 1200 184 484 268  334  42  289  254  88 206  28 131   1  1530   2   0   0  60 -191
law,vic           orl PG  8   63    6   18   1   7   2    6   2   11    3   2   2   0   6   0    15   0   0   0   0   -7
layman,jake       min PF 23  506   81  179  24  72  24   32  17   57   15  17  24   9  47   0   210   0   0   0   2   22
leaf,tj           ind PF 28  220   36   86   5  18   7   16  23   70    9  10   8   4  22   1    84   0   0   0   1    8
lecque,jalen      pho PG  5   32    4   10   0   4   2    2   0    2    2   0   2   0   3   0    10   0   0   0   0  -20
lee,courtney      dal SG 24  344   40   82  21  47   6    7   7   32   12  18  11   6  33   0   107   0   0   0   9   39
lee,damion        gsw SG 49 1421  213  510  85 239 110  126  31  238  133  50  67   6 116   2   621   0   0   0  36 -124
len,alex          atl  C 40  744  142  261  14  56  51   81  70  231   42  20  40  33  93   1   349   0   0   0   9 -132
len,alex          sac  C 15  226   35   59   2   3  17   24  31   91    8   3  16  15  34   0    89   2   0   0   3   21
len,alex          tot  C 55  970  177  320  16  59  68  105 101  322   50  23  56  48 127   1   438   2   0   0  12 -111
leonard,kawhi     lac SF 57 1848  532 1133 123 325 356  402  54  402  280 103 149  33 113   0  1543   1   0   0  57  478
leonard,meyers    mia  C 51 1035  119  234  53 128  18   28  29  258   55  14  39  15 107   0   309   1   0   0  49   77
levert,caris      bro SG 45 1328  311  732  80 220 140  197  49  188  199  53 118  10  81   0   842   0   0   0  31   -4
lillard,damian    por PG 66 2472  624 1348 270 674 460  518  33  284  530  70 194  22 114   0  1978   6   0   0  66   84
little,nassir     por SF 48  573   65  151  14  59  28   44  31  108   22  13  15  15  72   1   172   0   0   0   5  -54
looney,kevon      gsw PF 20  260   29   79   1  14   9   12  28   66   20  12  13   6  34   0    68   0   0   0   4  -99
lopez,brook       mil  C 68 1817  292  671 102 325 127  152  58  312   99  46  70 164 163   2   813   6   0   0  67  526
lopez,robin       mil  C 66  960  147  299  35 105  28   53  56  161   45  10  63  45  96   1   357   1   0   0   5    9
love,kevin        cle PF 56 1777  327  728 146 391 187  219  54  547  178  33 140  19  90   0   987   0   0   0  56 -268
lowry,kyle        tor PG 58 2103  334  803 164 466 294  343  32  292  433  82 178  26 190   0  1126  14   0   0  58  275
luwauw-cabarrot   bro PF 47  854  117  269  62 160  69   81  29  127   29  18  37   7 106   2   365   0   0   0   2  -52
lyles,trey        san PF 63 1276  153  343  65 168  33   45  71  361   69  28  39  28  98   0   404   3   0   0  53  -56
macon,daryl       mia PG  4   14    1    3   1   2   0    0   0    0    1   0   2   0   1   0     3   0   0   0   0    0
macura,j.p.       cle SG  1    1    0    0   0   0   0    0   0    0    0   0   0   0   0   0     0   0   0   0   0    3
magette,josh      orl PG  8   39    5   15   1   4   1    2   1    6    5   3   5   1   4   0    12   0   0   0   0    1
mahinmi,ian       was  C 38  805  104  211   5  26  70  113  79  219   49  31  45  45 114   3   283   1   0   0  35  -81
maker,thon        det  C 60  779   93  193  22  64  73  110  54  167   43  25  45  39 102   1   281   0   0   0  14 -143
mann,terance      lac SF 32  360   36   77   7  20  18   27  10   55   53  11  18   5  46   0    97   0   0   0   6   -8
marjanovic,boba   dal  C 41  421  121  210   4  17  43   57  66  197   20   8  31  10  56   0   289   0   0   0   5   49
markkanen,lauri   chi PF 50 1490  251  591 109 317 126  153  60  313   74  42  81  23  96   0   737   0   0   0  50  -68
martin,caleb      cha SG 18  319   38   85  20  37  18   23   9   36   23  12  14   7  31   1   114   0   0   0   1    5
martin,cody       cha SF 47  899   88  206  18  77  41   63  39  160   96  39  45   9  79   0   235   0   0   0   3  -55
martin,jeremiah   bro PG  9  100   24   53   5  18  11   14   1   10   18   7   4   2   7   0    64   0   0   0   0  -17
martin,kelan      min SG 31  498   71  181  25  96  30   31  12   96   23   7  20   9  51   0   197   0   0   0   4  -22
mason,frank       mil SG  8  119   23   51   6  21  10   17   5   19   29   5  11   1  11   0    62   0   0   0   0    2
mathews,garriso   was SG 18  228   24   56  19  46  31   34   6   24   10   8   8   1  32   0    98   0   0   0   0   35
matthews,wesley   mil SF 67 1635  167  422 108 297  52   68  22  166   92  37  43   9 103   0   494   5   0   0  67  454
mbah_a_moute,luc  hou SF  3   25    2    5   0   2   1    2   1    2    0   2   1   0   0   0     5   0   0   0   0   -7
mccaw,patrick     tor SF 36  912   67  162  23  71  13   18  19   86   79  39  29   4  60   0   170   0   0   0  12    2
mccollum,cj       por SG 70 2559  611 1356 194 512 140  185  46  297  310  54 127  42 183   0  1556   5   0   0  70   13
mcconnell,t.j.    ind PG 71 1326  212  412   5  17  35   42  37  191  355  57 100  11  73   0   464   3   0   0   3   54
mcdaniels,jalen   cha PF 16  294   33   70   9  24  14   17  15   65   13   8  12   3  36   0    89   0   0   0   0  -23
mcdermott,doug    ind SF 69 1373  267  547 128 294  48   58  26  174   78  13  42   6 117   0   710   0   0   0   1  103
mcgee,javale      lal  C 68 1127  195  306   3   6  53   82 126  391   37  36  55  93 159   0   446   3   0   0  68  131
mcgruder,rodney   lac SG 56  871   72  181  24  89  19   34  29  151   37  26  24   8  74   0   187   0   0   0   4   -4
mckinnie,alfonzo  cle SF 39  590   73  171  14  65  22   31  37  113   14  23  26   8  72   0   182   0   0   0   1  -93
mclaughlin,jord   min PG 30  589   87  178  29  76  26   39   7   49  125  34  31   4  31   0   229   0   0   0   2  -70
mclemore,ben      hou SG 71 1623  242  545 181 452  50   67  21  156   58  46  50  16 155   3   715   1   0   0  23  187
mcrae,jordan      den SG  4   32    2    6   2   4   3    4   1    5    4   2   0   1   2   0     9   0   0   0   0   11
mcrae,jordan      det SG  4   98   14   43   3  16  16   22   0   15    7   0   5   0  10   0    47   1   0   0   0  -35
mcrae,jordan      was SG 29  652  133  317  40 106  64   83  17  104   82  19  38  15  61   0   370   1   0   0   4  -49
mcrae,jordan      tot SG 37  782  149  366  45 126  83  109  18  124   93  21  43  16  73   0   426   2   0   0   4  -73
melli,nicolo      nor PF 60 1040  136  323  69 206  54   73  38  180   82  34  46  23 124   0   395   0   0   0   8  -88
melton,de'antho   mem PG 60 1169  161  401  40 140  93  121  43  220  175  76  84  20 109   1   455   0   0   0   8  118
metu,chimezie     san PF 18  104   24   42   0   2  10   13  12   33   10   3  10   6   7   0    58   0   0   0   0   -9
middleton,khris   mil SF 62 1851  471  947 147 354 208  227  44  382  265  53 137   7 142   0  1297   1   0   0  59  501
mika,eric         sac  C  1   19    2    3   0   0   2    2   2    7    0   0   0   0   5   0     6   0   0   0   0    8
miles,c.j.        was SG 10  159   19   59  11  35  15   20   4   12   12  10   4   4  14   0    64   0   0   0   0   -8
miller,malcolm    tor PF 26  161   12   29   8  22   3    8   2   16   11   5   4   2  18   0    35   0   0   0   1   58
mills,patty       san PG 66 1480  258  598 154 403  97  112  22  108  118  53  54   6 105   0   767   0   0   0   1  135
millsap,paul      den PF 51 1243  211  438  54 124 115  141  98  293   83  44  70  30 150   0   591   1   0   0  48  223
milton,shake      phi PG 40  808  134  277  58 135  51   65  15   88  104  19  47   7  92   0   377   1   0   0  24   -5
mitchell,donova   uta SG 69 2362  602 1342 173 473 278  322  53  304  294  70 184  14 172   0  1655   5   0   0  69  113
mitrou-long,naz   ind PG  5   47    6   17   2  12   0    0   0    7    8   1   3   1   2   0    14   0   0   0   0   20
mokoka,adam       chi SG 11  111   12   28   6  15   2    4   7   10    4   4   2   0  17   0    32   0   0   0   0   50
monk,malik        cha SG 55 1170  212  488  58 204  82  100  27  157  114  25  77  16  74   0   564   0   0   0   1 -231
mooney,matt       cle PG  4   19    1    4   0   2   0    0   0    3    1   2   0   1   1   0     2   0   0   0   0    7
moore,e'twaun     nor SG 56 1019  186  437  63 167  31   45  31  131   78  32  40  11  80   0   466   0   0   0   6  -46
morant,ja         mem PG 67 2074  447  937  60 179 239  308  50  258  488  59 220  18 110   0  1193   0   0   0  67  -17
morgan,juwan      uta PF 21  135   15   26   3   8   3    4  10   29    6   1   6   2  19   0    36   0   0   0   0   30
morris,marcus     lac PF 19  550   74  174  26  84  18   22  11   78   27  13  24  13  52   0   192   2   0   0  19  168
morris,marcus     nyk PF 43 1386  281  636 116 264 163  198  48  233   59  34  73  17 128   1   841   6   0   0  43 -124
morris,marcus     tot PF 62 1936  355  810 142 348 181  220  59  311   86  47  97  30 180   1  1033   8   0   0  62   44
morris,markieff   det PF 44  989  175  389  75 189  61   79  23  173   69  26  70  10 104   0   486   4   0   0  16  -96
morris,markieff   lal PF 14  201   28   70  13  40   5    6  16   45    8   5   6   6  29   0    74   2   0   0   1  -30
morris,markieff   tot PF 58 1190  203  459  88 229  66   85  39  218   77  31  76  16 133   0   560   6   0   0  17 -126
morris,monte      den PG 73 1637  260  566  65 172  75   89  24  137  255  55  54  17  73   0   660   0   0   0  12   54
motley,johnathan  lac SF 12   42   11   15   1   1   4    5   2    9    7   3   5   0   6   0    27   0   0   0   0    2
mudiay,emmanuel   uta PG 54  850  151  326  30  87  63   83  18  126  116  24  76  10  72   0   395   0   0   0   2  -44
mulder,mychal     gsw PG  7  204   26   67  16  52   9   12   3   23    8   2   5   1  20   0    77   0   0   0   3   23
murray,dejounte   san PG 66 1685  294  637  41 111  91  114  69  384  271 111 125  17 143   1   720   1   0   0  58 -189
murray,jamal      den PG 59 1904  408  894 112 324 163  185  45  236  284  67 127  17 102   0  1091   0   0   0  59  242
musa,dzanan       bro SF 40  489   64  172  19  78  45   60  21   86   43  15  36   1  30   0   192   0   0   0   0  -23
muscala,mike      okl PF 47  572   77  189  54 143  18   22  16  108   40   9  17  12  58   0   226   0   0   0   2  -17
mykhailiuk,svi    det SG 56 1267  166  405 115 285  57   70  17  104  106  41  61   4  87   0   504   0   0   0  27   -5
nader,abdel       okl PF 55  864  123  263  48 128  51   66  14  100   38  23  43  20  78   0   345   0   0   0   6  -85
nance,larry       cle PF 56 1473  229  431  56 159  50   74 106  409  123  55  60  22  91   0   564   1   0   0  10 -157
napier,shabazz    min PG 36  858  114  283  47 159  72   88  17  111  187  40  76   7  62   0   347   0   0   0  22  -67
napier,shabazz    was PG 20  489   74  173  29  81  54   65   9   48   75  29  52   4  39   0   231   1   0   0  10  -29
napier,shabazz    tot PG 56 1347  188  456  76 240 126  153  26  159  262  69 128  11 101   0   578   1   0   0  32  -96
neto,raul         phi PG 53  665  101  221  34  88  39   47  11   61   95  24  47   6  50   0   275   0   0   0   3   36
newman,malik      cle SG  1    4    0    2   0   1   2    2   0    0    0   0   1   0   0   0     2   0   0   0   0   -3
niang,georges     uta PF 66  924  141  322  90 225  20   24  15  127   43  18  30   5  75   0   392   0   0   0   1  -40
noah,joakim       lac  C  5   50    4    8   0   0   6    8   5   16    7   1   6   1   9   0    14   0   0   0   0  -19
noel,nerlens      okl  C 61 1129  184  269   1   3  80  106  91  300   57  59  66  91 166   2   449   1   0   0   7   27
norvell,zach      gsw SG  3   36    3   11   3   8   1    1   0    5    3   2   3   0   4   0    10   0   0   0   0  -23
norvell,zach      lal SG  2    5    0    1   0   0   0    0   0    1    0   0   0   0   0   0     0   0   0   0   0   -4
norvell,zach      tot SG  5   41    3   12   3   8   1    1   0    6    3   2   3   0   4   0    10   0   0   0   0  -27
nowell,jaylen     min SG 15  153   19   53   3  26  16   17   3   13   19   3   3   1  11   0    57   0   0   0   0   11
ntilikina,frank   nyk SG 56 1189  131  333  44 137  51   59  22  120  172  54  71  16 142   0   357   1   0   0  26  -97
nunn,kendrick     mia PG 67 1960  401  914 137 391  85  100  21  180  220  56 114  15 152   1  1024   1   0   0  67   60
nurkic,jusuf      por  C  8  253   54  109   2  10  31   35  23   82   32  11  19  16  39   3   141   0   0   0   8   -4
nwaba,david       bro PF 20  265   37   71  12  28  18   27   8   45    8  11   8  12  32   0   104   0   0   0   0   35
o'neale,royce     uta SF 71 2049  158  365  92 244  42   55  26  388  180  59  61  32 202   2   450   2   0   0  62  216
o'quinn,kyle      phi  C 30  313   42   85   7  27  11   20  34  116   51   7  20  24  37   0   102   0   0   0   2  -34
ojeleye,semi      bos PF 69 1008   80  196  48 127  28   32  26  145   37  21  19   5  80   1   236   0   0   0   6  -31
okafor,jahlil     nor  C 30  465  101  162   1   3  40   62  48  127   37   7  38  22  67   1   243   0   0   0   9 -101
okobo,elie        pho PG 55  719   72  181  25  71  50   71  16   90  115  25  38   4  54   0   219   0   0   0   3  -65
okogie,josh       min SG 62 1545  170  398  41 154 152  191  86  267   99  68  86  26 139   1   533   2   0   0  28 -160
okpala,kz         mia SF  5   25    3    5   0   1   1    2   1    5    1   2   1   1   2   0     7   0   0   0   0  -15
oladipo,victor    ind SG 19  526   97  246  33 104  48   59   9   75   56  17  47   4  36   0   275   0   0   0  16   -6
olynyk,kelly      mia  C 67 1300  184  398  95 234  86  100  44  305  116  45  71  23 173   1   549   0   0   0   9   61
oni,miye          uta SG 10  111   12   32   7  19   4    5   5   17    4   4   4   2   9   0    35   0   0   0   1  -16
osman,cedi        cle SF 65 1909  266  609 123 321  63   94  39  232  154  54  91  16 160   0   718   1   0   0  65 -350
oubre,kelly       pho SF 56 1934  373  826 108 307 192  246  67  361   85  71  83  40 192   5  1046   8   0   0  55  -27
owens,tariq       pho PF  3   16    1    5   0   2   2    2   2    3    0   1   0   0   1   0     4   0   0   0   0  -16
pargo,jeremy      gsw PG  3   44   11   22   3   7   0    1   1    3    8   1   4   0   8   0    25   0   0   0   0    0
parker,jabari     atl PF 32  838  198  393  31 115  53   72  54  191   58  42  60  15  93   2   480   0   0   0  23 -133
parker,jabari     sac PF  6   80   21   36   1   4   8    9   7   23   10   3   4   1   6   0    51   0   0   0   0   39
parker,jabari     tot PF 38  918  219  429  32 119  61   81  61  214   68  45  64  16  99   2   531   0   0   0  23  -94
parsons,chandle   atl SF  5   53    5   18   4  14   0    0   1    7    3   4   3   1   3   0    14   0   0   0   0  -40
paschall,eric     gsw PF 60 1654  318  641  37 129 164  212  83  276  127  32  94  13 125   2   837   0   0   0  26 -374
pasecniks,anzej   was  C 26  438   61  116   0   3  34   58  42  107   18   9  24  12  74   0   156   1   0   0   0   -4
patterson,patric  lac SF 58  778   95  233  67 172  35   43  35  151   41   7  21   3  54   0   292   0   0   0  18   45
patton,justin     okl  C  5   25    4   10   1   4   0    0   1    5    2   0   2   0   4   0     9   0   0   0   0  -16
paul,chris        okl PG 70 2206  434  887 111 304 253  279  26  352  472 111 161  11 158   1  1232   4   0   0  70  330
payne,cameron     pho PG  8  183   33   68  15  29   6    7   4   31   24   8  11   2  20   0    87   0   0   0   0   89
payton,elfrid     nyk PG 45 1246  193  440  14  69  49   86  50  210  323  71  95  17  89   1   449   3   0   0  36  -84
payton,garyiii    was PG 29  432   48  116  13  46   4    8  26   80   48  33  20   7  54   0   113   0   0   0  17 -139
pelle,norvel      phi  C 24  233   25   48   0   1   7   14  20   72    8   3  18  30  55   1    57   0   0   0   0  -74
pinson,theo       bro SF 33  366   45  155  15  80  15   16  10   54   56  17  33   4  35   0   120   0   0   0   0  -40
plumlee,mason     den  C 61 1056  177  288   0   5  83  155  98  317  154  32  82  37 143   1   437   0   0   0   1  -55
poeltl,jakob      san  C 66 1169  166  266   0   0  40   86 129  373  117  37  52  96 126   2   372   0   0   0  18  119
poirier,vincent   bos  C 21  129   17   36   1   2   6    7  13   43    8   2   8   9  25   0    41   0   0   0   0  -20
ponds,shamorie    tor PG  4   11    3    5   1   2   2    2   0    1    2   0   0   1   2   0     9   0   0   0   0    0
poole,jordan      gsw SG 57 1277  167  502  74 265  95  119   9  117  134  34  72  10  94   0   503   2   0   0  14 -200
porter,kevin      cle SG 50 1162  186  421  53 158  73  101  22  162  109  46  94  14 135   0   498   3   0   0   3 -289
porter,michael    den SF 55  902  195  383  62 147  60   72  66  259   46  27  49  24 100   0   512   0   0   0   8   21
porter,otto       chi SF 14  329   62  140  24  62  19   27  13   48   25  15  11   6  31   0   167   0   0   0   9   26
portis,bobby      nyk  C 66 1393  265  589  67 187  71   93  80  338   98  33  73  18 110   0   668   5   0   0   5 -191
porzingis,krist   dal PF 57 1814  398  932 142 403 226  283 100  540  102  41  92 115 185   5  1164   5   0   0  57  268
powell,dwight     dal SF 40 1058  146  229  10  39  74  111  75  229   59  35  38  21 102   1   376   2   0   0  37  195
powell,norman     tor SF 52 1482  296  596 109 273 129  153  26  189   91  60  78  21 108   1   830   1   0   0  26  148
prince,taurean    bro SF 64 1859  278  739 146 431  71   89  50  381  116  57 127  25 159   0   773   6   0   0  61   71
randle,chasson    gsw PG  3   41    0    4   0   2   5    6   0    2    5   2   0   0   3   0     5   0   0   0   0   -4
randle,julius     nyk  C 64 2082  463 1004  64 231 258  352 151  622  198  51 195  22 178   1  1248   4   0   0  64 -244
reaves,josh       dal SG  3   28    3    9   0   2   2    2   1    3    3   0   0   0   5   0     8   0   0   0   0    7
reddish,cam       atl PG 58 1549  213  554  83 250 101  126  36  216   87  62  95  28 132   0   610   1   0   0  34 -244
redick,jj         nor SG 60 1580  286  631 180 397 165  185  10  151  119  20  75  11  96   0   917   2   0   0  36  -21
reid,naz          min  C 30  496  100  243  32  97  37   53  34  124   35  19  22  22  83   0   269   1   0   0  11    6
richardson,josh   phi SG 55 1694  278  646  85 249 114  141  41  175  162  52 104  36 136   0   755   2   0   0  53  119
rivers,austin     hou SG 68 1593  211  501  96 270  78  111  27  175  113  49  50  11 129   0   596   3   0   0   4   82
roberson,andre    okl SG  7   87    8   29   3  14   1    2   7   27    4   1   2   3  13   0    20   0   0   0   0   -3
robinson,duncan   mia SF 73 2163  323  687 270 606  67   72  10  232  102  34  69  19 193   1   983   1   0   0  68  351
robinson,glenn    gsw SF 48 1516  244  506  68 170  63   74  65  225   85  45  51  14  82   0   619   0   0   0  48 -290
robinson,glenn    phi SF 14  268   44   85   9  27  11   12  15   44   11  10   5   2  18   0   108   0   0   0   4   -6
robinson,glenn    tot SF 62 1784  288  591  77 197  74   86  80  269   96  55  56  16 100   0   727   0   0   0  52 -296
robinson,jerome   lac SG 41  475   46  136  19  67  11   19   5   60   46  14  26   8  55   0   122   0   0   0   1   38
robinson,jerome   was SG 21  504   69  174  30  86  29   38   8   69   41  15  23   9  57   0   197   0   0   0   5  -72
robinson,jerome   tot SG 62  979  115  310  49 153  40   57  13  129   87  29  49  17 112   0   319   0   0   0   6  -34
robinson,justin   was PG  9   49    5   12   3   5   0    0   1    5    7   0   3   1   2   0    13   0   0   0   0   31
robinson,mitche   nyk  C 61 1409  253  341   0   0  84  148 186  428   36  52  37 119 194   7   590   5   0   0   7 -107
roby,isaiah       okl PF  3   11    0    1   0   0   0    0   0    2    0   0   1   0   1   0     0   0   0   0   0   -4
rondo,rajon       lal PG 48  984  137  327  41 125  27   41  23  142  239  39  91   2  58   0   342   2   0   0   3   45
rose,derrick      det PG 50 1299  369  753  45 147 121  139  27  121  278  40 126  17  49   0   904   4   0   0  15  -84
ross,terrence     orl SG 69 1889  341  846 177 504 157  184  13  222   82  77  70  24 109   0  1016   2   0   0   0  -73
rozier,terry      cha PG 63 2164  398  943 172 425 166  191  50  276  258  60 141  10 126   0  1134   0   0   0  63 -397
rubio,ricky       pho PG 65 2019  287  692  78 216 195  226  46  304  570  94 173  11 167   2   847   1   0   0  65  148
russell,d'angelo  gsw PG 33 1060  273  635 120 321 113  144  14  122  206  31 100   9  64   0   779   3   0   0  33 -230
russell,d'angelo  min PG 12  390   87  210  38 110  48   55   3   55   79  17  47   4  22   0   260   0   0   0  12  -22
russell,d'angelo  tot PG 45 1450  360  845 158 431 161  199  17  177  285  48 147  13  86   0  1039   3   0   0  45 -252
sabonis,domantas  ind  C 62 2160  458  847  17  67 214  296 190  771  310  47 171  30 195   3  1147   0   0   0  62  163
samanic,luka      san PF  3   48    5   16   3   8   3    4   1   10    6   0   2   2   6   0    16   0   0   0   1    5
sampson,jakarr    ind PF 34  469   68  115   2  13  18   27  20   88   21  16  15  12  64   0   156   0   0   0  12   20
saric,dario       pho PF 66 1633  256  538  84 235 108  128 100  407  123  37  88  16 156   1   704   1   0   0  51  -70
satoransky,toma   chi PG 65 1879  237  551  64 199 106  121  76  254  353  80 130   7 135   1   644   1   0   0  64  -69
schofield,admir   was PF 32  370   35   91  19  60  10   15   7   47   15   8   7   4  50   1    99   0   0   0   2  -57
schroder,dennis   okl PG 65 1996  453  966 125 326 198  236  19  236  262  46 165  14 146   0  1229   4   0   0   2  233
scott,mike        phi PF 68 1203  149  350  80 217  30   37  66  249   56  22  26   5  96   0   408   0   0   0  11  143
sefolosha,thabo   hou SF 41  431   37   91  15  54   3    8  21   93   25  24  15  12  43   0    92   0   0   0   0   36
sexton,collin     cle PG 65 2138  513 1087  97 255 226  267  62  204  192  65 158   7 142   0  1349   1   0   0  65 -397
shamet,landry     lac PG 53 1449  158  391 111 296  65   76   6  100   99  20  42  10 142   0   492   0   0   0  30  123
shayok,marial     phi SF  4   28    3   12   2   6   3    4   1    7    1   0   3   1   4   0    11   0   0   0   0  -13
shumpert,imam     bro SF 13  242   21   64   8  33   4    7   9   34   12  12  10   2  21   0    54   0   0   0   0  -52
siakam,pascal     tor PF 60 2111  500 1104 131 365 240  303  64  439  207  61 148  53 169   2  1371   6   0   0  60  398
silva,chris       mia SG 40  343   48   78   0   3  37   55  60  126   23   9  33  21  85   1   133   1   0   0   0  -50
simmons,ben       phi PG 57 2017  375  648   2   7 185  298 114  444  455 119 200  33 186   2   937   6   0   0  57   62
simons,anfernee   por SG 70 1448  214  537  75 226  76   92  25  152   97  26  61  10 135   1   579   0   0   0   4 -247
smailagic,alen    gsw PF 14  139   20   40   3  13  16   19  10   27   13   3  11   4  14   0    59   0   0   0   0   -8
smart,marcus      bos PG 60 1917  256  682 137 395 127  152  42  225  291 100 104  29 162   2   776   7   0   0  40  281
smith,dennis      nyk PG 34  538   72  211  16  54  27   53  21   78   98  28  58   8  65   0   187   3   0   0   3 -195
smith,ish         was PG 68 1784  308  689  62 169  62   86  30  218  334  60  95  30 107   1   740   1   0   0  23 -140
smith,j.r.        lal SG  6   79    7   22   1  11   2    2   0    5    3   1   4   0   5   0    17   1   0   0   0  -35
smith,zhaire      phi SG  6   32    3   11   0   3   2    4   0    2    2   3   2   0   4   0     8   0   0   0   0  -10
snell,tony        det SF 59 1643  170  382 102 254  32   32   9  111  127  32  31  15 101   0   474   0   0   0  57 -173
spellman,omari    gsw PF 49  886  127  295  43 110  73   92  76  219   47  32  53  25  63   0   370   0   0   0   3 -144
strus,max         chi SG  2    6    2    3   0   1   1    1   1    1    0   0   0   0   1   0     5   0   0   0   0   15
sumner,edmond     ind PG 31  447   61  142  14  53  16   29  11   45   55  15  21   9  44   0   152   0   0   0   3  -28
swanigan,caleb    por PF 20  263   26   43   0   2   8   15  25   93   29   2  31   5  54   1    60   0   0   0   1  -31
swanigan,caleb    sac PF  7   24    2    4   0   0   1    2   2    7    2   1   6   2   8   0     5   0   0   0   0  -13
swanigan,caleb    tot PF 27  287   28   47   0   2   9   17  27  100   31   3  37   7  62   1    65   0   0   0   1  -44
tatum,jayson      bos SF 66 2268  552 1227 189 469 254  313  64  461  200  93 155  57 136   0  1547   6   0   0  66  501
teague,jeff       atl PG 25  518   68  165  10  30  47   53  12   54  100  19  40   6  36   0   193   0   0   0   4  -99
teague,jeff       min PG 34  947  145  325  33  87 125  144  15   88  208  25  76  13  70   0   448   0   0   0  13  -71
teague,jeff       tot PG 59 1465  213  490  43 117 172  197  27  142  308  44 116  19 106   0   641   0   0   0  17 -170
temple,garrett    bro SG 62 1726  222  587 127 386  70   87  29  218  156  49  62  29 108   0   641   0   0   0  35  -41
theis,daniel      bos  C 65 1568  241  426  32  96  87  114 139  425  111  37  54  84 219   3   601   2   0   0  64  203
thomas,isaiah     was PG 40  924  174  426  78 189  62   76  11   68  146  13  77   6  77   0   488   4   0   0  37 -201
thomas,khyri      det SG  8   62    5   17   5  14   2    4   1    1    3   3   3   0   9   0    17   0   0   0   0  -36
thomas,lance      bro PF  7   98    8   23   4  13   4    4   2   13    6   0   6   0  11   0    24   0   0   0   4  -55
thomas,matt       tor SG 41  441   73  150  47  99   9   12   9   61   22  10  16   1  38   0   202   0   0   0   1   65
thompson,trista   cle  C 57 1723  288  561   9  23  99  161 226  578  120  32 103  50 124   1   684   2   0   0  51 -377
thornwell,sinda   nor SG  2   35    6   11   2   4   2    4   0    4    4   1   2   1   2   0    16   0   0   0   0   -3
thybulle,matiss   phi SF 65 1289  112  265  56 157  25   41  44  107   79  93  51  47 141   0   305   0   0   0  14   35
tolliver,anthony  mem PF 13  237   19   48  17  41   7    8   5   33   10   7   9   1  14   0    62   0   0   0   4   51
tolliver,anthony  por PF 33  554   43  117  30  89  13   19  27  110   29   8  21   9  54   0   129   0   0   0   9 -153
tolliver,anthony  sac PF  9   82    3   17   2  15   1    2   2   11    3   4   4   1   6   0     9   0   0   0   0   -2
tolliver,anthony  tot PF 55  873   65  182  49 145  21   29  34  154   42  19  34  11  74   0   200   0   0   0  13 -104
toscano-anderso   gsw SF 13  273   29   63   8  23   3    5   9   52   26  13  16   5  30   1    69   0   0   0   6  -79
towns,karl-anth   min  C 35 1185  316  622 114 277 180  226  95  380  153  35 110  42 117   0   926   5   0   0  35  -15
trent,gary        por SG 61 1331  196  441 112 268  37   45  25  100   61  48  21  16  90   0   541   1   0   0   8  -53
trier,allonzo     nyk SG 24  289   51  106  19  53  34   43   6   30   28   3  23   4  29   0   155   1   0   0   1  -71
tucker,p.j.       hou PF 72 2469  177  426 107 299  39   48 112  475  115  78  72  38 229   0   500   2   0   0  72  155
tucker,rayjon     uta SG 19  163   20   43   3  17  19   23   3   20    5   1   8   1  10   0    62   0   0   0   0  -23
turner,evan       atl SG 19  252   25   67   0   5  12   14   8   38   38   9  26   8  20   0    62   0   0   0   0  -65
turner,myles      ind  C 62 1822  268  587  86 250 127  169  86  409   72  47  85 132 166   2   749   1   0   0  62   -7
uthoff,jared      mem SF  4   13    1    7   0   4   2    2   1    1    0   1   0   0   1   0     4   0   0   0   0    9
uthoff,jared      was SF  3   39    6   11   3   5   0    0   1    5    0   0   0   0   1   0    15   0   0   0   0    1
uthoff,jared      tot SF  7   52    7   18   3   9   2    2   2    6    0   1   0   0   2   0    19   0   0   0   0   10
valanciunas,jon   mem  C 70 1843  432  741  32  91 148  200 215  791  131  31 127  77 185   3  1044   8   0   0  70    5
valentine,denze   chi SG 36  489   97  237  46 137   6    8   9   74   43  26  26   6  51   0   246   2   0   0   5  -41
vanderbilt,jarr   den SF  9   41    5    7   0   0   0    0   3    8    2   3   7   1   6   0    10   0   0   0   0  -17
vanderbilt,jarr   min PF  2    5    0    1   0   1   2    2   0    1    0   0   0   0   0   0     2   0   0   0   0  -11
vanderbilt,jarr   tot PF 11   46    5    8   0   1   2    2   3    9    2   3   7   1   6   0    12   0   0   0   0  -28
vanvleet,fred     tor PG 54 1927  319  773 146 374 168  198  17  203  357 100 121  17 132   0   952   4   0   0  54  204
vincent,gabe      mia PG  7   83    8   37   6  27   0    0   0    5    6   5   1   0   6   0    22   0   0   0   0  -28
vonleh,noah       den  C  7   31    5    6   1   1   2    4   3    8    2   0   2   0   4   0    13   0   0   0   0   -6
vonleh,noah       min PF 28  348   47   86   2  14  23   28  34  116   26  11  18   6  36   0   119   1   0   0   1  -46
vonleh,noah       tot PF 35  379   52   92   3  15  25   32  37  124   28  11  20   6  40   0   132   1   0   0   1  -52
vucevic,nikola    orl  C 62 2000  493 1033  98 289 131  167 140  669  222  54  88  47 135   1  1215   3   0   0  62   51
wade,dean         cle PG 12   71    9   13   2   4   0    1   3   19    2   2   3   4   8   0    20   0   0   0   0   -9
wagner,moritz     was PF 45  836  145  266  25  80  78   95  56  219   56  28  66  19 152   4   393   3   0   0   5  -88
waiters,dion      lal SG  7  166   31   73   7  30  14   16   2   13   17   4  13   4  16   0    83   0   0   0   0   17
waiters,dion      mia SG  3   42   10   26   8  17   0    1   0   11    3   0   3   2   5   0    28   0   0   0   0   12
waiters,dion      tot SG 10  208   41   99  15  47  14   17   2   24   20   4  16   6  21   0   111   0   0   0   0   29
walker,kemba      bos PG 56 1743  378  889 180 473 209  242  36  217  268  48 117  28  91   0  1145   4   0   0  56  248
walker,lonnie     san PG 61  985  152  358  41 101  45   62  24  140   68  32  45  14  78   0   390   0   0   0  12   -5
wallace,tyrone    atl SG 14  161   14   44   1  15  11   17   3   22   13   7  10   1  19   0    40   0   0   0   0  -32
walton,derrick    det PG  3   26    1    3   1   3   0    0   0    1    5   3   1   0   2   0     3   0   0   0   0  -12
walton,derrick    lac PG 22  222   17   36   9  21   7    9   2   15   22   4   4   0  19   0    50   0   0   0   1    4
walton,derrick    tot PG 25  248   18   39  10  24   7    9   2   16   27   7   5   0  21   0    53   0   0   0   1   -8
wanamaker,brad    bos PF 71 1370  162  362  37 102 126  136  22  144  179  60  76  15 133   0   487   0   0   0   1  133
warren,t.j.       ind SF 67 2204  534  997  91 226 167  204  68  279   99  78  86  34 187   2  1326   7   0   0  67  126
washington,pj     cha PF 58 1758  268  589  86 230  88  135  58  316  123  52  93  45 158   0   710   0   0   0  57 -220
watanabe,yuta     mem SF 18  105   15   34   3   8   3    8   7   20    5   4   2   1   9   0    36   0   0   0   0   10
waters,tremont    bos PG 11  120   14   49   4  24   8    8   0   12   16  10  15   2  13   0    40   0   0   0   1   20
watson,paul       atl SF  2   17    0    7   0   3   0    0   0    2    3   1   0   0   1   0     0   0   0   0   0   10
watson,paul       tor SF  8   69   10   19   4   9   7    9   2   15    5   3   3   1   4   0    31   0   0   0   0   23
watson,paul       tot SF 10   86   10   26   4  12   7    9   2   17    8   4   3   1   5   0    31   0   0   0   0   33
weatherspoon,qu   san SG 10   77    5   17   1   5   1    2   1    7   11   3   5   1   8   0    12   0   0   0   0  -22
westbrook,russel  hou PG 57 2048  604 1281  55 213 290  380 100  451  401  95 255  20 199   2  1553  10   0   0  57  124
white,coby        chi PG 65 1678  312  792 133 376 102  129  28  231  176  49 109   6 117   1   859   0   0   0   2 -163
white,derrick     san PG 68 1680  253  552  79 216 180  211  35  221  241  45  89  58 152   0   765   0   0   0  20   42
whiteside,hassa   por  C 67 2008  436  702   4   7 164  239 257  904   78  26 120 196 196   1  1040   7   0   0  61  114
wiggins,andrew    gsw SG 12  403   86  188  20  59  41   61  18   54   43  16  25  16  26   0   233   0   0   0  12  -83
wiggins,andrew    min SF 42 1454  351  790  91 275 149  207  48  219  155  29 106  36 101   1   942   1   0   0  42 -118
wiggins,andrew    tot SF 54 1857  437  978 111 334 190  268  66  273  198  45 131  52 127   1  1175   1   0   0  54 -201
williams,grant    bos PF 69 1043   87  211  24  96  39   54  59  177   67  31  50  35 163   2   237   0   0   0   5  131
williams,johnath  was PF 14  179   19   34   0   2   7   13  24   64    8   1   5   8  16   0    45   0   0   0   6  -39
williams,kenric   nor SF 39  827   51  147  25  97   9   26  51  187   57  27  22  21  88   0   136   1   0   0  18  -26
williams,lou      lac SG 65 1866  391  936 111 315 292  339  31  201  365  43 182  12  80   0  1185   3   0   0   8  203
williams,marvin   cha PF 41  807   94  210  44 117  43   50  16  111   41  25  25  23  71   1   275   0   0   0   1 -111
williams,marvin   mil PF 17  321   25   57  12  39   6    7  15   74   19  10   8   8  32   0    68   0   0   0   0   29
williams,marvin   tot PF 58 1128  119  267  56 156  49   57  31  185   60  35  33  31 103   1   343   0   0   0   1  -82
williams,robert   bos PF 28  389   64   88   0   0  22   34  40  128   27  23  20  35  48   0   150   0   0   0   1   39
williams-goss,n   uta PG  9   50    5   16   2   7   2    2   2    6    6   3   3   1   6   0    14   0   0   0   0    3
williamson,zion   nor PF 24  667  210  360   6  14 114  178  64  150   50  16  59   9  42   0   540   0   0   0  24   62
wilson,d.j.       mil PF 36  363   52  132  18  73  11   18  12   92   25   3  19   5  33   0   133   0   0   0   1  -47
winslow,justise   mia SF 11  353   50  129   6  27  18   27  16   73   44   8  24   5  38   0   124   0   0   0   5   52
wood,christian    det PF 62 1319  288  508  54 140 181  243 104  390   60  34  84  55  98   0   811   1   0   0  12   68
wright,delon      dal SG 73 1570  190  412  47 128  77  100  71  281  244  84  73  22  93   0   504   0   0   0   6   37
wright-foreman,   uta PG  4   45    7   20   2  10   3    4   0    5    7   2   3   0   5   0    19   0   0   0   0  -30
young,thaddeus    chi PF 64 1594  269  602  79 223  42   72  94  315  117  92 102  23 134   1   659   4   0   0  16 -209
young,trae        atl PG 60 2119  546 1249 205 568 481  559  31  255  560  65 289   8 104   0  1778   7   0   0  60 -228
zeller,cody       cha  C 58 1343  251  480  18  75 122  179 161  412   88  40  75  27 140   1   642   0   0   0  39 -221
zeller,tyler      san  C  1    4    1    4   0   0   0    0   3    4    0   0   0   0   0   0     2   0   0   0   0    3
zizic,ante        cle  C 22  222   41   72   0   0  14   19  17   65    6   7  10   5  27   0    96   0   0   0   0   14
zubac,ivica       lac  C 72 1326  236  387   0   2 124  166 199  545   82  16  61  66 168   2   596   1   0   0  70  231
