Player           Team PS GP  Min  FGM  FGA  3M  3A FTM  FTA  OR   TR   AS  ST  TO  BK  PF  DQ   PTS  TC  EJ  FF Sta +/-
achiuwa,preciou   mia PF 61  737  124  228   0   1  56  110  73  208   29  20  43  28  91   1   304   0   0   0   4 -116
adams,jaylen      mil PG  7   19    1    8   0   2   0    0   0    3    2   0   0   0   1   0     2   0   0   0   0  -12
adams,steven      nor  C 58 1608  189  308   0   3  60  135 213  514  111  54  79  38 113   0   438   0   0   0  58   13
adebayo,bam       mia PF 64 2141  456  799   2   8 283  354 143  574  346  75 169  66 145   2  1197   0   0   0  64   24
aldridge,lamarc   bro PF  5  131   25   48   4   5  10   10   2   24   13   3   7  11  11   0    64   0   0   0   5   24
aldridge,lamarc   san PF 21  542  115  248  27  75  31   37  17   94   36   8  20  18  36   0   288   0   0   0  18  -58
aldridge,lamarc   tot PF 26  673  140  296  31  80  41   47  19  118   49  11  27  29  47   0   352   0   0   0  23  -34
alexander,ty-sh   pho SG 15   46    3   12   2   9   1    2   2   10    6   0   3   1   2   0     9   0   0   0   0   -8
alexander-walke   nor SG 46 1009  192  458  76 219  48   66  13  144  102  47  69  22  88   1   508   0   0   0  13  -52
allen,grayson     mem SG 50 1257  173  414 107 274  79   91  19  160  108  46  48   8  71   1   532   0   0   0  38    8
allen,jarrett     bro  C 12  318   44   65   0   0  46   61  38  125   20   7  22  19  21   0   134   0   0   0   5   77
allen,jarrett     cle  C 51 1547  254  417   6  19 158  229 158  507   86  24  78  72  75   0   672   0   0   0  40 -280
allen,jarrett     tot  C 63 1865  298  482   6  19 204  290 196  632  106  31 100  91  96   0   806   0   0   0  45 -203
aminu,al-farouq   chi PF  6   66    2   10   1   6   4    5   2   19    2   2   3   0   7   0     9   0   0   0   0   23
aminu,al-farouq   orl PF 17  367   36   89   7  31  14   17  20   91   29  17  25   9  22   0    93   0   0   0  14  -77
aminu,al-farouq   tot PF 23  433   38   99   8  37  18   22  22  110   31  19  28   9  29   0   102   0   0   0  14  -54
anderson,kyle     mem SF 69 1892  308  658  94 261 144  184  52  396  250  84  86  57 120   2   854   0   0   0  69   51
antetokounmpo,g   mil PF 61 2011  626 1100  67 221 398  581  96  670  357  72 207  74 169   3  1717   0   0   0  61  409
antetokounmpo,k   lal PF 15   56    3   10   0   0   6   13   4   19    1   2  11   4   8   0    12   0   0   0   0   27
antetokounmpo,t   mil SF 57  555   67  138   7  29  25   49  54  124   46  22  43  10  74   0   166   0   0   0   3  -12
anthony,carmelo   por PF 69 1689  327  777 133 325 139  156  32  214  104  46  61  38 144   1   926   0   0   0   3  -28
anthony,cole      orl PG 47 1270  219  552  58 172 109  131  38  222  193  30 107  19  98   0   605   0   0   0  34 -322
anunoby,og        tor SF 43 1435  249  518 104 261  80  102  54  237   94  66  75  31 114   1   682   0   0   0  43  118
arcidiacono,rya   chi PG 44  452   49  117  25  67  13   20   5   67   56   9  10   0  47   0   136   0   0   0   0   10
ariza,trevor      mia SF 30  841   99  241  50 143  34   44  27  144   55  30  21  18  55   0   282   0   0   0  27   40
augustin,d.j.     hou PG 20  417   64  151  34  88  49   54   9   44   78   8  31   0  23   0   211   0   0   0   6 -150
augustin,d.j.     mil PG 37  712   71  193  49 128  36   40  11   50  110  20  34   1  33   0   227   0   0   0   6  112
augustin,d.j.     tot PG 57 1129  135  344  83 216  85   94  20   94  188  28  65   1  56   0   438   0   0   0  12  -38
avdija,deni       was SF 54 1260  130  312  53 168  29   45  22  261   63  32  34  15 140   2   342   0   0   0  32  -81
ayton,deandre     pho  C 69 2116  430  688   4  20 133  173 228  729   99  41 102  81 196   2   997   0   0   0  69  274
azubuike,udoka    uta  C 15   60    4    9   0   0   8   10   4   13    0   1   3   4   9   0    16   0   0   0   0  -65
bacon,dwayne      orl SG 72 1855  292  724  59 206 145  176  31  225   93  45  44   5 102   0   788   0   0   0  50 -443
bagley,marvin     sac PF 43 1111  247  489  37 108  77  134 105  317   43  21  59  21 100   2   608   0   0   0  42  -87
ball,lamelo       cha PG 51 1467  293  673  92 262 125  165  63  302  313  79 145  18 136   0   803   0   0   0  31  -84
ball,lonzo        nor PG 55 1746  290  700 172 455  50   64  33  263  316  82 123  31 103   0   802   0   0   0  55   49
bamba,mo          orl  C 46  723  142  301  38 118  45   66  76  265   35  14  37  58  87   1   367   0   0   0   5 -203
bane,desmond      mem SG 68 1520  234  499 117 271  40   49  31  210  118  42  60  16 125   0   625   0   0   0  17   12
barnes,harrison   sac SF 58 2102  319  641 100 256 195  235  64  385  201  44  93  11  75   0   933   0   0   0  58  -57
barrett,rj        nyk SG 72 2511  467 1060 124 309 206  276  67  413  217  53 141  20 188   2  1264   0   0   0  72  137
barton,will       den SF 56 1737  259  608  98 257  95  121  39  227  181  50  96  23  94   0   711   0   0   0  52  232
bates-diop,keit   san SF 30  245   30   67   5  17  14   21   9   49   12  11   7   5  11   0    79   0   0   0   0  -37
batum,nicolas     lac SF 67 1834  191  412 110 271  48   58  50  316  148  69  53  37 102   0   540   0   0   0  38  338
baynes,aron       tor  C 53  979  134  303  27 103  29   41  86  273   47  16  46  23 119   2   324   0   0   0  31  -81
bazemore,kent     gsw SG 67 1334  176  392  75 184  54   78  26  228  108  70  82  33 158   0   481   0   0   0  18  168
bazley,darius     okl SF 55 1716  273  690  83 286 125  178  50  395   99  29 122  25  60   0   754   0   0   0  55 -477
beal,bradley      was SG 60 2144  670 1382 130 373 408  459  72  283  265  69 187  22 140   0  1878   0   0   0  60   -3
beasley,malik     min SG 37 1213  264  600 128 321  68   80  28  162   88  30  59   7  62   0   724   0   0   0  36 -197
bell,jordan       gsw PF  1   15    0    2   0   0   1    2   1    5    2   0   1   2   2   0     1   0   0   0   0   -3
bell,jordan       was PF  5   67    7   20   0   2   0    0   6   19    5   3   3   3   5   0    14   0   0   0   1  -29
bell,jordan       tot PF  6   82    7   22   0   2   1    2   7   24    7   3   4   5   7   0    15   0   0   0   1  -32
bembry,deandre'   tor SF 51  976  117  228  14  53  45   66  33  146  106  53  71  18  87   1   293   0   0   0  12    9
bertans,davis     was SF 57 1456  193  478 169 428 100  115  18  169   49  33  32  13 136   1   655   0   0   0   7  111
beverley,patric   lac PG 37  833   93  220  56 141  36   45  29  119   76  28  34  28 108   1   278   0   0   0  33  148
bey,saddiq        det SG 70 1912  279  692 175 460 124  147  44  319   95  52  60  14 110   1   857   0   0   0  53 -213
bey,tyler         dal SG 18   70    7   22   1   4   3    5   8   18    3   0   3   1   6   0    18   0   0   0   0  -37
birch,khem        orl PF 48  954   94  209   4  21  63   85 116  242   53  32  23  28  67   0   255   0   0   0   5 -107
birch,khem        tor PF 19  577   95  171   9  31  28   44  57  143   36  17  21  22  46   0   227   0   0   0  17  -21
birch,khem        tot PF 67 1531  189  380  13  52  91  129 173  385   89  49  44  50 113   0   482   0   0   0  22 -128
bitadze,goga      ind  C 44  553   81  189  20  77  45   61  57  146   37  10  17  60  92   1   227   0   0   0   3  -14
biyombo,bismack   cha  C 66 1350  142  242   0   1  47  105 137  347   81  17  72  75 141   0   331   0   0   0  36 -276
bjelica,nemanja   mia PF 11  158   20   46  10  27   5    9   5   27   20   7   5   3  20   0    55   0   0   0   2   -7
bjelica,nemanja   sac PF 26  442   69  150  17  58  32   42  24  100   49   8  28   2  48   0   187   0   0   0   1  -59
bjelica,nemanja   tot PF 37  600   89  196  27  85  37   51  29  127   69  15  33   5  68   0   242   0   0   0   3  -66
bledsoe,eric      nor PG 71 2110  307  731 121 355 134  195  29  244  268  55 112  24 112   0   869   0   0   0  70  -66
blevins,keljin    por SG 17   75    5   20   2   8   0    0   3   10    4   2   5   0   8   0    12   0   0   0   0  -37
bogdanovic,bogd   atl SG 44 1306  267  565 146 333  40   44  20  160  147  49  54  13  99   0   720   0   0   0  27  112
bogdanovic,boja   uta SF 72 2220  406  926 180 461 233  265  42  283  136  45 128   4 115   1  1225   0   0   0  72  419
bol,bol           den  C 32  161   25   58   9  24  10   15   0   24    7   3  13  10  14   0    69   0   0   0   2  -80
bolden,marques    cle  C  6   30    1    3   0   0   5    8   3    7    0   2   2   2   0   0     7   0   0   0   0    5
bone,jordan       orl PG 14  197   23   54  10  32   0    0   4   24   18   2   3   0  11   0    56   0   0   0   0  -59
bonga,isaac       was SF 40  430   30   81  13  47   5    8  18   66   23  11  22   9  63   0    78   0   0   0   8  -36
booker,devin      pho SG 67 2271  623 1287 126 371 340  392  33  280  289  53 207  16 181   1  1712   0   0   0  67  331
boucher,chris     tor PF 60 1455  288  560  90 235 152  193 117  404   64  35  46 111 166   2   818   0   0   0  14   97
bowen,brian       ind SG  6   15    1    4   0   1   1    1   0    3    0   0   0   0   1   0     3   0   0   0   0    5
bradley,avery     hou PG 17  392   33  105  17  63   5    6   6   39   32  14  19   3  29   1    88   0   0   0   5 -118
bradley,avery     mia PG 10  211   31   66  16  38   7    9   2   18   14   7   9   1  26   0    85   0   0   0   1  -14
bradley,avery     tot PG 27  603   64  171  33 101  12   15   8   57   46  21  28   4  55   1   173   0   0   0   6 -132
bradley,tony      okl  C 22  399   80  122   0   2  31   44  46  135   20   9  27  17  33   0   191   0   0   0   0  -94
bradley,tony      phi  C 20  287   51   75   0   1   7   11  39  104   17   6   6  13  28   0   109   0   0   0   8   78
bradley,tony      tot  C 42  686  131  197   0   3  38   55  85  239   37  15  33  30  61   0   300   0   0   0   8  -16
brantley,jarrel   uta PF 28  139   25   52  12  28   2    2   9   27   15   8   8   2  17   0    64   0   0   0   0  -24
brazdeikis,igna   nyk SF  4    7    0    1   0   0   2    2   1    2    1   0   1   0   0   0     2   0   0   0   0   -6
brazdeikis,igna   orl SF  8  234   35   79  11  27   8   12  10   41   16   4  11   3  22   0    89   0   0   0   0  -26
brazdeikis,igna   phi SF  1    8    0    3   0   1   0    0   0    2    0   0   0   0   0   0     0   0   0   0   0    6
brazdeikis,igna   tot SF 13  249   35   83  11  28  10   14  11   45   17   4  12   3  22   0    91   0   0   0   0  -26
bridges,mikal     pho SF 72 2353  363  668 134 315 110  131  76  310  152  76  57  63 116   0   970   0   0   0  72  337
bridges,miles     cha SF 66 1935  313  622 116 290  98  113  82  397  147  44 106  52 143   0   840   0   0   0  19   -9
brimah,amida      ind  C  5   30    5    8   0   0   3    3   2    8    1   0   4   5   4   0    13   0   0   0   0   22
brissett,oshae    ind SF 20  485   63  135  28  70  44   56  28  105   15  19  10  20  29   0   198   0   0   0  15   49
brogdon,malcolm   ind PG 56 1933  444  979 145 374 153  177  58  295  328  49 115  15 110   0  1186   0   0   0  56  -32
brooks,armoni     hou SG 20  520   78  192  60 157   7   12  10   69   30  12  22   5  34   0   223   0   0   0   5 -135
brooks,dillon     mem SG 67 1997  432 1031 128 372 159  195  52  195  157  79 119  26 237   6  1151   0   0   0  67  153
brown,bruce       bro SG 65 1454  235  423  17  59  86  117 111  349  104  58  54  28 145   0   573   0   0   0  37   73
brown,charles     okl SG  9  151   13   43   5  21   9   10   3   17    9   4   6   2  19   0    40   0   0   0   1  -43
brown,jaylen      bos SG 58 2001  538 1110 163 410 191  250  71  347  195  72 158  32 168   0  1430   0   0   0  58   69
brown,moses       okl  C 43  921  146  269   0   0  78  126 156  384   10  31  43  48  93   2   370   0   0   0  32 -363
brown,sterling    hou SG 51 1227  150  335  91 215  25   31  38  224   72  38  42  12  97   1   416   0   0   0  14 -154
brown,troy        chi SF 13  239   29   55   8  24   5    6   9   44   10   7   5   2  20   0    71   0   0   0   0   67
brown,troy        was SF 21  284   33   89  14  46  10   15  11   61   19   3  15   4  29   0    90   0   0   0   0  -41
brown,troy        tot SF 34  523   62  144  22  70  15   21  20  105   29  10  20   6  49   0   161   0   0   0   0   26
brunson,jalen     dal PG 68 1698  328  627  81 200 120  151  28  232  239  35  80   1 109   1   857   0   0   0  12  161
bryant,elijah     mil SG  1   32    6   13   1   5   3    3   2    6    3   0   4   1   4   0    16   0   0   0   0   11
bryant,thomas     was  C 10  272   59   91   9  21  16   24  18   61   15   4  11   8  31   0   143   0   0   0  10  -14
bullock,reggie    nyk SF 65 1951  248  561 163 398  50   55  16  223   99  52  45  11 146   1   709   0   0   0  64  107
burke,trey        dal PG 62  918  151  353  58 164  51   57  10   54   81  37  33   6  64   0   411   0   0   0   1   13
burks,alec        nyk SG 49 1254  210  499 102 245 101  118  21  227  107  31  49  14 102   0   623   0   0   0   5  125
butler,jimmy      mia SF 52 1745  366  737  25 102 359  416  94  360  369 108 109  18  71   0  1116   0   0   0  52  196
caboclo,bruno     hou SF  6   37    8   17   0   5   1    2   3   14    1   0   4   2   6   0    17   0   0   0   0    0
cacok,devontae    lal  C 20   98   17   29   0   0   5   11  11   31    1   5   4   4   8   0    39   0   0   0   1   42
caldwell-pope,k   lal SG 67 1901  218  504 120 293  97  112  27  179  127  61  68  26 114   0   653   0   0   0  67  138
campazzo,facund   den PG 65 1424  120  315  76 216  80   91  22  132  232  79  73  14 132   0   396   0   0   0  19   78
cancar,vlatko     den SF 41  282   33   73   9  33  10   13  12   51   14  11  14   2  18   0    85   0   0   0   1 -104
cannady,devin     orl PG  8   74   11   28   6  16   6    7   0    5    1   5   2   1   9   0    34   0   0   0   0  -23
capela,clint      atl  C 63 1901  414  696   0   0 130  227 297  902   49  44  73 129 145   0   958   0   0   0  63  253
carey,vernon      cha  C 19  116   18   36   1   7   9   11   6   27    2   1   5   5  13   0    46   0   0   0   4  -12
carter,jevon      pho PG 60  716   94  223  56 151   4    7  16   92   71  29  16   9  56   0   248   0   0   0   1   32
carter,wendell    chi  C 32  792  129  252   8  22  82  111  69  249   69  18  49  24  96   0   348   0   0   0  25 -100
carter,wendell    orl  C 22  583  101  205   7  29  49   68  61  194   35  17  29  18  50   0   258   0   0   0  19 -143
carter,wendell    tot  C 54 1375  230  457  15  51 131  179 130  443  104  35  78  42 146   0   606   0   0   0  44 -243
carter-williams   orl PG 31  801  105  270  15  61  49   80  39  139  128  25  69  17  81   1   274   0   0   0  25  -49
caruso,alex       lal SG 58 1219  133  305  55 137  49   76  30  169  160  65  75  15 108   0   370   0   0   0   6  120
cauley-stein,wi   dal  C 53  904  115  182   1  11  49   78  66  236   35  22  29  43 129   3   280   0   0   0  16  138
chiozza,chris     bro PG 22  233   31   89  13  42  13   17   3   24   65   7  16   5  19   0    88   0   0   0   1   19
chriss,marquese   gsw SF  2   26    5   14   1   5   2    4   3   13    2   0   2   2   3   0    13   0   0   0   0  -25
clark,gary        den SF  2    4    0    0   0   0   0    0   0    1    0   0   0   0   0   0     0   0   0   0   0   -7
clark,gary        orl PF 35  637   40  131  31 108   8   10  33  112   30  12  17   8  34   0   119   0   0   0  11 -103
clark,gary        phi SF  2   13    0    1   0   0   0    0   0    2    1   1   0   0   1   0     0   0   0   0   0    0
clark,gary        tot SF 39  654   40  132  31 108   8   10  33  115   31  13  17   8  35   0   119   0   0   0  11 -110
clarke,brandon    mem SF 59 1413  256  494  20  77  78  113  97  328   95  61  33  50  84   0   610   0   0   0  16  -17
clarkson,jordan   uta PG 68 1817  457 1075 208 599 129  144  46  273  168  61 115  10 110   0  1251   0   0   0   1  301
claxton,nicolas   bro PF 32  597   90  145   1   5  31   64  43  166   28  23  18  40  68   0   212   0   0   0   1  157
coffey,amir       lac SG 44  402   45  103  23  56  27   38  10   44   22  10  15   0  30   0   140   0   0   0   1  -26
collins,john      atl PF 63 1845  429  772  83 209 170  204 117  465   78  34  84  63 193   0  1111   0   0   0  63  183
conley,mike       uta PG 51 1497  284  640 138 335 121  142  36  176  305  70  99   9  98   0   827   0   0   0  51  548
connaughton,pat   mil SG 69 1578  168  387 101 272  31   40  63  334   81  47  33  23  99   0   468   0   0   0   4  223
cook,quinn        cle PG  8  113   20   50   7  14   4    4   2   14   16   3   4   0  11   0    51   0   0   0   0   -6
cook,quinn        lal PG 16   61   12   26   5  13   4    5   0    5    5   1   3   1   2   0    33   0   0   0   0   -4
cook,quinn        tot PG 24  174   32   76  12  27   8    9   2   19   21   4   7   1  13   0    84   0   0   0   0  -10
cook,tyler        bro PF  4   17    1    3   0   0   0    0   1    2    2   0   1   0   2   0     2   0   0   0   0    9
cook,tyler        det PF 28  420   68  100   1   2  17   35  27   94   15   8  21   2  33   0   154   0   0   0   1  -43
cook,tyler        tot PF 32  437   69  103   1   2  17   35  28   96   17   8  22   2  35   0   156   0   0   0   1  -34
cousins,demarcu   hou  C 25  507   79  210  39 116  44   59  30  191   60  21  39  18  74   0   241   0   0   0  11  -47
cousins,demarcu   lac  C 16  206   51   95   8  19  15   22  23   72   16  13  25   6  33   0   125   0   0   0   0  -14
cousins,demarcu   tot  C 41  713  130  305  47 135  59   81  53  263   76  34  64  24 107   0   366   0   0   0  11  -61
covington,rober   por PF 70 2241  204  509 135 356  50   62  61  466  117 101  64  84 195   0   593   0   0   0  70  203
craig,torrey      mil SF 18  200   18   46   8  22   1    2  13   43   16   9   5   7  24   0    45   0   0   0   0  -57
craig,torrey      pho SF 32  603   91  181  31  84  16   20  44  154   33  19  20  19  59   0   229   0   0   0   8  -39
craig,torrey      tot SF 50  803  109  227  39 106  17   22  57  197   49  28  25  26  83   0   274   0   0   0   8  -96
crowder,jae       pho SF 60 1652  199  492 148 380  57   75  32  281  127  49  54  26 125   1   603   0   0   0  42  218
culver,jarrett    min SG 34  501   69  168  13  53  29   48  34  104   24  17  28   9  58   0   180   0   0   0   7 -131
curry,seth        phi SG 57 1639  258  552 126 280  69   77  10  137  155  44  65   8  96   0   711   0   0   0  57  319
curry,stephen     gsw PG 63 2152  658 1366 337 802 362  395  29  347  363  76 213   8 119   0  2015   0   0   0  63  242
darling,nate      cha SG  7   26    2    7   2   7   3    3   1    1    1   0   1   1   1   0     9   0   0   0   0  -30
davis,anthony     lal PF 36 1161  301  613  26 100 158  214  62  286  110  45  74  59  60   0   786   0   0   0  36  115
davis,ed          min  C 23  299   19   44   0   0  10   12  46  115   21  13   7  13  56   1    48   0   0   0   7  -47
davis,terence     sac SG 27  583  108  246  54 145  29   37  11   89   46  28  34   7  49   0   299   0   0   0   0  -64
davis,terence     tor SG 34  495   87  210  44 122  16   18   9   66   37  17  29   7  48   0   234   0   0   0   4   -3
davis,terence     tot SG 61 1078  195  456  98 267  45   55  20  155   83  45  63  14  97   0   533   0   0   0   4  -67
deck,gabriel      okl SF 10  212   32   67   2  15  18   22  16   40   24   8   6   0   9   0    84   0   0   0   0  -51
dedmon,dewayne    mia  C 16  210   46   65   1   5  20   27  28   86   12   9  13   6  36   0   113   0   0   0   0   68
dellavedova,mat   cle PG 13  225   14   56   4  25   4    4   6   24   58   4   6   1  21   0    36   0   0   0   1  -18
derozan,demar     san SG 61 2056  455  920  19  74 387  440  40  259  422  56 119  15 128   0  1316   0   0   0  61 -105
diakite,mamadi    mil PF 14  139   16   40   1   8  11   14   8   34    8   7   3   6  16   0    44   0   0   0   1    8
diallo,hamidou    det SG 20  464   81  173  16  41  45   68  22  107   24  10  27  12  51   0   223   0   0   0   4 -109
diallo,hamidou    okl SG 32  762  143  297  12  41  83  132  36  164   77  31  50  12  83   1   381   0   0   0   5  -84
diallo,hamidou    tot SG 52 1226  224  470  28  82 128  200  58  271  101  41  77  24 134   1   604   0   0   0   9 -193
dieng,gorgui      mem  C 22  373   56  108  23  48  38   43  28   98   29  17  22  14  38   0   173   0   0   0   1  -10
dieng,gorgui      san  C 16  181   29   55   7  22  20   24  12   42   19   9  10   2  18   0    85   0   0   0   0  -58
dieng,gorgui      tot  C 38  554   85  163  30  70  58   67  40  140   48  26  32  16  56   0   258   0   0   0   1  -68
dinwiddie,spenc   bro PG  3   64    6   16   2   7   6    6   0   13    9   2   5   1   4   0    20   0   0   0   3   42
divincenzo,dont   mil SG 66 1814  253  603 131 346  51   71  81  380  203  72  92  15 112   1   688   0   0   0  66  304
doncic,luka       dal SG 66 2261  647 1351 192 548 344  471  54  526  567  64 281  36 152   0  1830   0   0   0  66  164
dort,luguentz     okl SG 52 1548  247  638 113 329 122  164  38  189   88  44  78  19 134   0   729   0   0   0  52 -252
dotson,damyean    cle SG 46  910  119  293  46 159  24   36   5   93   91  16  42   4  42   0   308   0   0   0   7 -218
dotson,devon      chi PG 11   50   11   21   1   7   0    0   2    5    7   4   0   0   3   0    23   0   0   0   0   32
doumbouya,sekou   det SF 56  867  107  282  26 115  45   64  39  144   47  23  44   9  94   0   285   0   0   0  11 -132
dozier,pj         den PG 50 1089  148  354  47 149  42   66  35  181   92  32  47  22  86   0   385   0   0   0   6  193
dragic,goran      mia PG 50 1337  240  554  91 244 101  122  25  167  219  33 119   7 113   0   672   0   0   0  11   40
drummond,andre    cle  C 25  721  180  381   0   8  77  129 102  337   64  40  81  29  69   1   437   0   0   0  25 -108
drummond,andre    lal  C 21  520  102  192   0   0  46   76  65  214   30  23  43  20  80   1   250   0   0   0  21    3
drummond,andre    tot  C 46 1241  282  573   0   8 123  205 167  551   94  63 124  49 149   2   687   0   0   0  46 -105
dudley,jared      lal SF 12   79    2    9   2   6   0    0   4   21    5   1   2   1   7   0     6   0   0   0   0    2
dunn,kris         atl PG  4   46    1   12   0   2   3    4   0    6    2   2   3   2  10   0     5   0   0   0   0  -31
durant,kevin      bro SF 35 1157  324  603  85 189 210  238  13  247  195  25 120  45  70   0   943   0   0   0  32  276
edwards,anthony   min SF 72 2311  505 1209 171 520 211  272  59  336  211  82 161  35 129   0  1392   0   0   0  55 -228
edwards,carsen    bos PG 31  275   47  111  18  63  11   13   3   26   14   7   8   1  25   0   123   0   0   0   1  -25
elleby,cj         por SF 30  191   25   66   7  34  11   15  11   32   10   6   5   4  27   0    68   0   0   0   0  -15
ellenson,henry    tor  C  2   38    5   14   2   9   3    4   3   12    5   0   0   1   7   0    15   0   0   0   0    7
ellington,wayne   det SG 46 1015  149  338 116 275  28   35  12   85   67  18  33   9  59   0   442   0   0   0  31  -69
embiid,joel       phi  C 51 1590  461  900  58 155 471  548 113  538  145  50 159  69 123   0  1451   0   0   0  51  405
ennis,james       orl SF 41  986  115  243  45 104  70   87  43  166   63  32  37   7  85   0   345   0   0   0  37  -71
eubanks,drew      san PF 54  757  116  205   2   2  77  106  74  241   42  18  45  49  88   0   311   0   0   0   3  -96
exum,dante        cle PG  6  116   10   26   2  11   1    2   2   17   13   4   7   2   9   0    23   0   0   0   3    6
fall,tacko        bos  C 19  136   21   29   0   0   5   15  17   53    3   1   7  20  22   0    47   0   0   0   0   26
favors,derrick    uta  C 68 1037  155  243   0   2  59   80 138  376   44  32  36  68 143   0   369   0   0   0   0   37
felicio,cristia   chi PF 18   85    7   13   0   2   9   16  10   26    9   4   4   0  10   0    23   0   0   0   0   22
ferguson,terran   phi SF 13   51    1    7   0   5   0    0   0    1    2   1   4   0   7   0     2   0   0   0   0  -19
fernando,bruno    atl PF 33  228   18   44   0   2  15   22  16   78   10   4  21   3  23   0    51   0   0   0   0  -22
ferrell,yogi      cle PG  2   41    8   21   3   9   0    2   3    6    5   3   3   1   4   0    19   0   0   0   0  -11
ferrell,yogi      lac PG  8   97   12   36   6  19   7    7   2   12   17   4   0   2   7   0    37   0   0   0   0   10
ferrell,yogi      tot PG 10  138   20   57   9  28   7    9   5   18   22   7   3   3  11   0    56   0   0   0   0   -1
finney-smith,do   dal SF 60 1921  220  466 119 302  31   41  98  326  102  52  48  24 138   0   590   0   0   0  60  199
fitts,malik       lac SF  3   11    1    3   1   2   0    0   0    3    0   0   0   0   3   0     3   0   0   0   0   -6
flynn,malachi     tor PG 47  927  127  341  54 168  45   56  10  116  137  39  43   7  69   0   353   0   0   0  14  -98
forbes,bryn       mil SG 70 1358  250  529 154 341  47   61  11  112   45  23  44   1  77   0   701   0   0   0  10  101
forrest,trent     uta SG 30  301   32   71   5  26  19   19  11   44   45   9  21   4  22   0    88   0   0   0   0  -49
fournier,evan     bos SG 16  474   77  172  44  95  10   14   5   53   49  20  19  10  41   0   208   0   0   0  10   44
fournier,evan     orl SG 26  786  170  369  73 188  98  123   5   75   95  27  54   9  55   0   511   0   0   0  26  -79
fournier,evan     tot SG 42 1260  247  541 117 283 108  137  10  128  144  47  73  19  96   0   719   0   0   0  36  -35
fox,de'aaron      sac PG 58 2038  529 1110 103 320 300  417  33  203  417  87 174  27 170   1  1461   0   0   0  58 -195
franks,robert     orl SF  7  101   13   28   5  15  12   13   6   14    5   3   2   3   8   0    43   0   0   0   0  -25
frazier,tim       mem PG  5   62    3   20   0   8   2    6   0    8   16   2   4   1   7   0     8   0   0   0   0    5
fultz,markelle    orl PG  8  215   41  104   4  16  17   19   5   25   43   7  18   2  18   0   103   0   0   0   8  -29
gabriel,wenyen    nor PF 21  242   24   60  13  32  11   17  20   54   11   9  15   8  32   1    72   0   0   0   0    0
gafford,daniel    chi PF 31  389   60   86   0   0  27   41  44  103   17  12  22  34  54   0   147   0   0   0  11  -12
gafford,daniel    was PF 23  409   94  138   0   0  45   67  50  128   12  15  19  42  44   0   233   0   0   0   0   61
gafford,daniel    tot PF 54  798  154  224   0   0  72  108  94  231   29  27  41  76  98   0   380   0   0   0  11   49
gallinari,danil   atl PF 51 1218  206  475 103 254 161  174  17  214   76  30  43  10 105   0   676   0   0   0   5   93
galloway,langst   pho SG 40  436   66  147  36  85  22   23   7   42   26   8  13   0  25   0   190   0   0   0   0   34
garland,darius    cle PG 54 1788  362  802 105 266 112  132  23  130  329  66 164   6 110   0   941   0   0   0  50 -237
gasol,marc        lal  C 52  993   88  194  50 122  36   50  38  214  109  26  53  58 115   1   262   0   0   0  42   89
gay,rudy          san SF 63 1356  264  628 106 278  82  102  42  302   88  47  65  40 115   0   716   0   0   0   1  128
george,paul       lac SG 54 1825  445  953 171 416 198  228  45  359  280  62 179  24 132   1  1259   0   0   0  54  432
gibson,taj        nyk PF 45  937   99  158   3  15  40   55  99  250   36  31  22  49  99   1   241   0   0   0   3  129
giles,harry       por  C 38  346   42   97   8  23  16   27  31  133   29   8  20  13  54   0   108   0   0   0   0  -78
gilgeous-alexan   okl SG 35 1180  286  564  71 170 185  229  19  166  207  27 106  23  70   0   828   0   0   0  35 -185
gill,anthony      was PF 26  218   30   60   7  24  13   16  16   51   11  10   8   4  27   0    80   0   0   0   4  -17
gillespie,fredd   tor PF 20  394   44   84   0   0  23   33  42   97    9  13  12  21  43   0   111   0   0   0   2  -85
gobert,rudy       uta  C 71 2186  391  579   0   4 233  374 243  962   89  40 118 190 163   0  1015   0   0   0  71  728
goodwin,brandon   atl PG 47  621   84  223  32 103  28   43   8   69   95  17  37   0  41   0   228   0   0   0   5  -61
gordon,aaron      den PF 25  650  103  206  17  64  31   44  38  118   56  17  29  14  40   0   254   0   0   0  25   95
gordon,aaron      orl PF 25  737  128  293  42 112  66  105  39  166  104  16  67  20  49   0   364   0   0   0  25  -35
gordon,aaron      tot PF 50 1387  231  499  59 176  97  149  77  284  160  33  96  34  89   0   618   0   0   0  50   60
gordon,eric       hou SG 27  790  159  367  69 210  94  114   8   58   71  14  51  13  44   0   481   0   0   0  13  -68
graham,devonte'   cha PG 55 1659  252  668 178 476 134  159  22  148  295  48  84   6  77   0   816   0   0   0  44   98
grant,jerami      det PF 54 1830  400  932 115 329 290  343  35  250  152  35 109  58 125   0  1205   0   0   0  54 -117
green,danny       phi SG 69 1936  224  545 175 432  31   40  55  260  118  91  66  56 125   1   654   0   0   0  69  312
green,draymond    gsw PF 63 1982  170  380  34 126  70   88  55  449  559 104 188  52 194   2   444   0   0   0  63  241
green,jamychal    den PF 58 1120  173  374  79 198  46   57  85  277   53  26  53  22 144   1   471   0   0   0   5   99
green,javonte     bos SG 25  343   39   71   7  22  20   30  20   52   11  17  13   2  32   0   105   0   0   0   2  -39
green,javonte     chi SG 16  129   14   31   3   8  10   10   6   19    6  10   6   4  13   0    41   0   0   0   0   57
green,javonte     tot SG 41  472   53  102  10  30  30   40  26   71   17  27  19   6  45   0   146   0   0   0   2   18
green,jeff        bro PF 68 1839  261  530 103 250 125  161  34  262  108  36  54  28 122   1   750   0   0   0  38  113
green,josh        dal SG 39  448   42   93   4  25  13   23  28   77   29  16  17   3  35   0   101   0   0   0   5   17
griffin,blake     bro PF 26  561   93  189  31  81  43   55  28  121   63  18  30  13  69   1   260   0   0   0  10  130
griffin,blake     det PF 20  625   81  222  39 124  44   62   7  104   77  14  32   3  42   0   245   0   0   0  20  -72
griffin,blake     tot PF 46 1186  174  411  70 205  87  117  35  225  140  32  62  16 111   1   505   0   0   0  30   58
guy,kyle          sac SG 31  236   29   88  13  46  16   20   5   35   32   6  11   0  20   0    87   0   0   0   0  -15
hachimura,rui     was PF 57 1792  310  648  45 137 124  161  49  312   82  45  68   7 120   1   789   0   0   0  57 -111
hagans,ashton     min PG  2    4    0    0   0   0   0    0   0    0    0   0   1   0   0   0     0   0   0   0   0   -3
haliburton,tyre   sac PG 58 1747  292  619 121 296  48   56  39  173  309  77  92  28  83   1   753   0   0   0  20 -180
hall,donte        orl  C 13  179   25   35   0   0  23   34  24   62   11   5   8  10  18   0    73   0   0   0   0  -18
hall,josh         okl SF 21  336   30   99   4  37  22   44   6   59   28   5  25   1  37   0    86   0   0   0   1 -100
hampton,rj        den PG 25  237   25   60   5  18   9   12  10   50   14   5  11   2  22   0    64   0   0   0   0  -73
hampton,rj        orl PG 26  658  111  253  22  69  46   70  19  129   73  16  42   9  40   0   290   0   0   0   1 -211
hampton,rj        tot PG 51  895  136  313  27  87  55   82  29  179   87  21  53  11  62   0   354   0   0   0   1 -284
hardaway,tim      dal SG 70 1984  407  911 207 529 142  174  20  229  125  31  64  11 111   0  1163   0   0   0  31   71
harden,james      bro PG 36 1319  282  598  96 262 225  263  30  308  392  46 144  27  85   1   885   0   0   0  35  141
harden,james      hou SG  8  289   60  136  25  72  53   60   5   41   83   7  33   6  14   0   198   0   0   0   8  -39
harden,james      tot SG 44 1608  342  734 121 334 278  323  35  349  475  53 177  33  99   1  1083   0   0   0  43  102
harkless,mauric   mia SF 11  124    5   13   5  11   0    2   2   13    7   2   3   4  14   0    15   0   0   0   3  -30
harkless,mauric   sac SF 26  650   64  152  18  73  33   41  11   77   37  28  20  17  72   1   179   0   0   0  20  -14
harkless,mauric   tot SF 37  774   69  165  23  84  33   43  13   90   44  30  23  21  86   1   194   0   0   0  23  -44
harper,jared      nyk PG  8   15    0    4   0   1   3    4   0    2    1   0   2   0   1   0     3   0   0   0   0   -5
harrell,montrez   lal PF 69 1581  375  603   0  10 181  256 158  426   73  46  73  49 128   0   931   0   0   0   1   42
harris,gary       den SG 19  583   69  155  24  75  22   30  13   47   32  17  15   4  37   0   184   0   0   0  19   98
harris,gary       orl SG 20  499   69  189  24  66  42   48   8   32   46  11  23   6  34   0   204   0   0   0  19 -183
harris,gary       tot SG 39 1082  138  344  48 141  64   78  21   79   78  28  38  10  71   0   388   0   0   0  38  -85
harris,jalen      tor SG 13  170   36   72  17  36   7    9   3   18   17   8  14   0  15   0    96   0   0   0   2    2
harris,joe        bro SG 69 2141  357  707 211 445  49   63  43  248  130  47  62  14 141   1   974   0   0   0  65  350
harris,tobias     phi SF 62 2018  473  924  82 208 182  204  62  419  220  55 107  51 119   0  1210   0   0   0  62  322
harrison,shaqui   den PG 17  274   20   58   3  14  13   16   4   39   16  15   6   5  30   0    56   0   0   0   0  -20
harrison,shaqui   uta PG 17   57    6   20   0   2   5    6   3    9    9   2   5   0   3   0    17   0   0   0   0  -55
harrison,shaqui   tot PG 34  331   26   78   3  16  18   22   7   48   25  17  11   5  33   0    73   0   0   0   0  -75
hart,josh         nor SG 47 1353  151  343  63 193  69   89  54  378  109  37  51  12 111   0   434   0   0   0   4    0
hartenstein,isa   cle  C 16  288   53   91   2   6  24   35  25   96   40   8  23  19  45   1   132   0   0   0   2  -35
hartenstein,isa   den  C 30  275   41   80   0   0  22   36  40   85   15  11  21  20  59   1   104   0   0   0   0   34
hartenstein,isa   tot  C 46  563   94  171   2   6  46   71  65  181   55  19  44  39 104   2   236   0   0   0   2   -1
haslem,udonis     mia PF  1    3    2    2   0   0   0    0   0    1    0   0   0   0   0   0     4   0   0   0   0    3
hayes,jaxson      nor  C 60  962  175  280   6  14  93  120  92  257   35  25  39  38 101   0   449   0   0   0   3  -19
hayes,killian     det PG 26  670   71  200  20  72  14   17   6   69  138  27  83  10  57   0   176   0   0   0  18 -130
hayward,gordon    cha SF 44 1497  311  658  85 205 156  185  37  258  181  52  91  14  74   0   863   0   0   0  44   19
hernangomez,jua   min PF 52  901  130  299  55 168  60   97  45  205   35  19  27   7  52   0   375   0   0   0   6  -71
hernangomez,wil   nor  C 47  845  151  268   1  10  62   93 117  334   50  22  34  23  68   0   365   0   0   0  12  -14
herro,tyler       mia SG 54 1631  307  700 107 297  94  117  25  267  184  35 101  17  71   0   815   0   0   0  15  -85
hield,buddy       sac SG 71 2439  403  992 282 721  88  104  29  335  257  63 130  30 175   0  1176   0   0   0  71  -56
hill,george       okl PG 14  368   61  120  22  57  21   25   8   29   43  13  13   2  12   0   165   0   0   0  14  -16
hill,george       phi PG 16  303   34   77   9  23  19   25   8   32   30  11  19   3  19   0    96   0   0   0   3    8
hill,george       tot PG 30  671   95  197  31  80  40   50  16   61   73  24  32   5  31   0   261   0   0   0  17   -8
hill,solomon      atl SF 71 1514  106  296  68 211  35   46  42  213   75  50  42  11 116   0   315   0   0   0  16   27
hinton,nate       dal SG 21   94   15   42   4  19   7   10   1    9    8   6   5   2   8   0    41   0   0   0   0  -56
hoard,jaylen      okl SF 19  318   44   88   0  11  28   41  21   65   24  13  17   5  19   0   116   0   0   0   0  -62
holiday,aaron     ind PG 66 1176  170  437  67 182  68   83  15   89  124  46  66  13  94   0   475   0   0   0   8    5
holiday,jrue      mil SG 59 1907  414  824 111 284 107  136  73  268  357  99 127  37  98   0  1046   0   0   0  56  379
holiday,justin    ind SF 71 2151  256  615 172 447  65   82  31  253  120  74  53  41 134   2   749   0   0   0  51  -54
hollis-jefferso   por SF 11  108    9   18   0   1   9   16  11   26   13   2   2   4  15   0    27   0   0   0   1   -7
holmes,richaun    sac  C 61 1781  366  575   2  11 135  170 144  503  101  39  75  95 213   4   869   0   0   0  61    9
hood,rodney       por SF 38  726   73  201  25  84   9   12  18   73   47  20  31   4  59   0   180   0   0   0   5  -92
hood,rodney       tor SG 17  217   21   59   9  29  15   16   5   30    6   4   5   3  15   0    66   0   0   0   0  -39
hood,rodney       tot SG 55  943   94  260  34 113  24   28  23  103   53  24  36   7  74   0   246   0   0   0   5 -131
horford,al        okl PF 28  782  162  360  56 152  18   22  29  187   94  25  29  25  48   0   398   0   0   0  28 -101
horton-tucker,t   lal SG 65 1301  224  488  37 131 100  129  25  170  181  63 106  21 127   0   585   0   0   0   4   13
house,danueljr    hou SF 36  933  110  272  54 156  41   63  18  132   69  21  35  16  67   0   315   0   0   0  23 -221
howard,dwight     phi  C 69 1190  178  303   5  20 121  210 190  580   61  30 112  62 200   1   482   0   0   0   6  -66
howard,markus     den PG 37  207   40  106  18  65   7    9   1   21   18   4  18   1  23   0   105   0   0   0   1  -70
huerter,kevin     atl SG 69 2127  316  731 140 386  50   64  38  231  241  82  79  18 165   1   822   0   0   0  48   69
hughes,elijah     uta SF 18   65   10   29   8  23   3    4   1    9    6   1   7   1   1   0    31   0   0   0   0  -37
hunter,de'andre   atl SF 23  678  120  250  31  96  73   85  17  110   44  19  29  12  59   1   344   0   0   0  19   84
hutchison,chand   chi SF  7   64    5   18   1   3   2    2   1   20    4   2   5   0   9   0    13   0   0   0   0   11
hutchison,chand   was SF 18  284   34   86   7  19  19   23   5   58   13  11  15   5  24   0    94   0   0   0   1  -69
hutchison,chand   tot SF 25  348   39  104   8  22  21   25   6   78   17  13  20   5  33   0   107   0   0   0   1  -58
ibaka,serge       lac  C 41  955  186  365  39 115  43   53  73  275   74   9  44  47  76   0   454   0   0   0  39  157
iguodala,andre    mia SG 63 1337   95  249  60 183  25   38  38  221  142  58  67  33  90   0   275   0   0   0   5  -82
ilyasova,ersan    uta PF 17  145   21   54  18  41   5    5   7   29    4  10   8   3  29   1    65   0   0   0   1   15
ingles,joe        uta SF 67 1867  275  562 183 406  76   90  27  244  319  45 117  13 120   0   809   0   0   0  30  454
ingram,brandon    nor SF 61 2089  513 1101 143 375 281  320  34  299  296  42 153  36 124   0  1450   0   0   0  61   43
irving,kyrie      bro SG 54 1887  549 1086 152 378 201  218  52  257  324  76 129  37 140   0  1451   0   0   0  54  229
iwundu,wes        dal SF 23  289   17   52   3  23  12   14   6   44   10   9   6   3  26   0    49   0   0   0   3  -45
iwundu,wes        nor SF 18  253   17   50   2  18  14   17   9   46    8   6  13   1  23   0    50   0   0   0   1  -49
iwundu,wes        tot SF 41  542   34  102   5  41  26   31  15   90   18  15  19   4  49   0    99   0   0   0   4  -94
jackson,frank     det PG 40  740  134  293  61 150  61   75  15   86   36  15  35   1  53   0   390   0   0   0   6  -13
jackson,jaren     mem PF 11  258   53  125  17  60  35   42  17   62   12  12  15  18  42   0   158   0   0   0   4  -64
jackson,josh      det SG 62 1563  296  708  77 257 159  218  57  254  143  52 141  47 178   5   828   0   0   0  25 -121
jackson,justin    mil SF  1   33    3    9   2   6   1    2   2    6    1   0   1   0   1   0     9   0   0   0   0    4
jackson,justin    okl SF 33  544   86  212  34 111  30   35  14   71   51  15  31   2  31   0   236   0   0   0   3  -46
jackson,justin    tot SF 34  577   89  221  36 117  31   37  16   77   52  15  32   2  32   0   245   0   0   0   3  -42
jackson,reggie    lac PG 67 1545  263  585 122 282  67   82  24  194  205  42  75   7 127   0   715   0   0   0  43  245
james,justin      sac SG 36  313   52  111  14  38  21   36   9   30   22   8  15   3  23   0   139   0   0   0   0  -56
james,lebron      lal SF 45 1502  422  822 104 285 178  255  29  346  350  48 168  25  70   0  1126   0   0   0  45  287
james,mike        bro PG 13  236   34   92  11  31  21   27   3   32   54   6  20   1  10   0   100   0   0   0   1   20
jeffries,daquan   hou SG 13  260   26   63  11  39   1    1  10   42   16   8   6   6  25   1    64   0   0   0   3  -80
jeffries,daquan   sac SG 18  231   24   57   9  28   6    7   9   29    6   7   8   4  23   0    63   0   0   0   2   24
jeffries,daquan   tot SG 31  491   50  120  20  67   7    8  19   71   22  15  14  10  48   1   127   0   0   0   5  -56
jerome,ty         okl SG 33  788  128  287  71 168  26   34  11   92  120  20  47   6  61   0   353   0   0   0   1 -135
joe,isaiah        phi SG 41  385   48  133  39 106  18   24   6   36   20  12  11   4  34   0   153   0   0   0   1    2
johnson,alize     bro PF 18  186   40   68   1   6  13   13  27   90   14   5   9   5  16   0    94   0   0   0   0  -18
johnson,cameron   pho SF 60 1437  203  482 117 335  50   59  33  199   86  37  40  16  85   0   573   0   0   0  11  171
johnson,james     dal PF 29  504   67  145  15  60  17   29  14   87   50  24  27  23  59   0   166   0   0   0   1  -44
johnson,james     nor PF 22  539   79  182  16  60  28   47  18   91   48  18  28  19  61   0   202   0   0   0  11  -84
johnson,james     tot PF 51 1043  146  327  31 120  45   76  32  178   98  42  55  42 120   0   368   0   0   0  12 -128
johnson,keldon    san SG 69 1971  338  705  60 181 145  196  93  412  121  40  78  24 142   1   881   0   0   0  67 -172
johnson,stanley   tor SF 61 1006   89  232  45 137  44   55  28  152   89  52  54  19 116   1   267   0   0   0  13 -161
johnson,tyler     bro SG 39  686   72  183  48 132  18   21   6   77   47  14  17   0  43   0   210   0   0   0   3   47
jokic,nikola      den  C 72 2488  732 1293  92 237 342  394 205  779  599  94 222  49 192   0  1898   0   0   0  72  384
jones,damian      lal  C  8  111   16   17   0   0  11   12   8   26    1   1   5   7  22   0    43   0   0   0   6   -9
jones,damian      pho  C 14   92    8   16   0   1   6   11   7   18    4   1   6   5  19   0    22   0   0   0   0  -36
jones,damian      sac  C 17  340   46   70   1   4  25   35  21   77   24   9  15  17  36   0   118   0   0   0   4  -22
jones,damian      tot  C 39  543   70  103   1   5  42   58  36  121   29  11  26  29  77   0   183   0   0   0  10  -67
jones,derrick     por SF 58 1320  147  304  43 136  59   91  77  205   47  37  32  54 127   0   396   0   0   0  43  -59
jones,mason       hou SG 26  308   47  114  23  64  35   57   4   51   39   6  28   1  22   0   152   0   0   0   1  -86
jones,mason       phi SG  6   27    5    9   1   2   5    7   3    4    3   1   1   0   2   0    16   0   0   0   0   -4
jones,mason       tot SG 32  335   52  123  24  66  40   64   7   55   42   7  29   1  24   0   168   0   0   0   1  -90
jones,tre         san PG 37  269   37   78   3   5  17   19   8   21   39   8  13   0  13   0    94   0   0   0   1  -83
jones,tyus        mem PG 70 1226  178  413  45 140  41   45  21  140  259  63  48   6  31   0   442   0   0   0   9  -85
jordan,deandre    bro  C 57 1245  190  250   0   1  46   92 117  427   93  16  85  64 116   0   426   0   0   0  43  -42
joseph,cory       det PG 19  503   89  176  14  38  36   41  10   61  105  23  34   9  41   0   228   0   0   0  11    4
joseph,cory       sac PG 44  942  111  250  31  94  36   47  26  100  108  38  44   9  98   0   289   0   0   0   2 -198
joseph,cory       tot PG 63 1445  200  426  45 132  72   88  36  161  213  61  78  18 139   0   517   0   0   0  13 -194
kabengele,mfion   cle PF 16  185   24   57   9  32  11   14  11   46   12   6   9  10  18   0    68   0   0   0   0  -74
kabengele,mfion   lac PF 23   96    9   32   4  18   5    6   1   14    5   2   6   3  18   0    27   0   0   0   0  -18
kabengele,mfion   tot PF 39  281   33   89  13  50  16   20  12   60   17   8  15  13  36   0    95   0   0   0   0  -92
kaminsky,frank    pho  C 47  717  121  257  31  85  37   60  36  188   79  14  22  17  70   0   310   0   0   0  13   56
kanter,enes       por  C 72 1760  339  561   1   4 127  164 283  794   84  33  78  48 168   0   806   0   0   0  35  155
kennard,luke      lac SG 63 1230  197  414 100 224  26   31  15  161  104  22  48   9  91   1   520   0   0   0  17  -25
king,louis        sac SF  6   85   17   34   4  11   6    6   5   18    9   7   4   3   9   0    44   0   0   0   1   -3
kleber,maxi       dal PF 50 1339  116  275  87 212  34   37  47  260   68  23  30  35 105   0   353   0   0   0  40  136
knight,nathan     atl PF 33  280   37   99   6  33  44   55  27   72    8   9  15  10  22   0   124   0   0   0   0  -17
knox,kevin        nyk SF 42  465   56  143  35  89  16   20  10   61   19  12  17   7  37   0   163   0   0   0   0  -33
konchar,john      mem SG 43  579   69  138  21  56  25   30  35  129   47  30  18   9  40   0   184   0   0   0   0   16
korkmaz,furkan    phi SG 55 1062  170  424 101 269  60   82  17  113   82  49  46   9  64   0   501   0   0   0  11  142
kornet,luke       bos  C 18  251   35   74   9  36   1    2  13   52   20   2   6  25  19   0    80   0   0   0   2   44
kornet,luke       chi  C 13   94    9   27   6  23   2    4   2   16    4   2   1   7   1   0    26   0   0   0   0    9
kornet,luke       tot  C 31  345   44  101  15  59   3    6  15   68   24   4   7  32  20   0   106   0   0   0   2   53
kurucs,rodions    bro SF  5   16    1    3   1   2   0    0   0    3    2   0   0   0   1   0     3   0   0   0   0   -8
kurucs,rodions    hou SF 11   76    5   21   2  15   1    2   2   11    4   6   9   4   7   0    13   0   0   0   0   -3
kurucs,rodions    mil SF  6   34    5    8   3   4   2    2   3    9    4   3   4   0   8   0    15   0   0   0   0    7
kurucs,rodions    tot SF 22  126   11   32   6  21   3    4   5   23   10   9  13   4  16   0    31   0   0   0   0   -4
kuzma,kyle        lal PF 68 1953  335  757 137 380  67   97 108  420  127  34 113  41 121   0   874   0   0   0  32   -3
lamb,anthony      hou SF 24  415   46  118  23  71  18   21  27   70   23   7  19   5  34   0   133   0   0   0   3  -88
lamb,jeremy       ind SG 36  763  120  276  52 128  71   75  24  130   53  34  22  24  72   0   363   0   0   0   8  -14
langford,romeo    bos SG 18  285   21   59   5  18   9   12  12   35   13   6  10   4  24   0    56   0   0   0   4  -67
lavine,zach       chi SG 58 2036  569 1123 200 477 253  298  37  290  282  46 203  27 138   0  1591   0   0   0  58   -9
layman,jake       min SF 45  626   91  184  23  78  26   37  13   67   28  29  27  19  44   0   231   0   0   0  11  -81
leaf,t.j.         por PF  7   34    5   10   0   0   2    2   0    5    1   2   2   1   1   0    12   0   0   0   0  -20
lecque,jalen      ind PG  4   12    1    9   0   1   3    3   2    5    2   0   0   0   0   0     5   0   0   0   0   -4
lee,damion        gsw SG 57 1081  128  274  77 194  40   44  22  179   73  38  29   8  89   0   373   0   0   0   1   41
lee,saben         det PG 48  780   99  210   8  23  61   89  20   97  174  32  55  13  76   0   267   0   0   0   7  -89
len,alex          tor  C  7   77    5   10   3   6   3    6   0   11    3   1   8   6  10   0    16   0   0   0   2  -23
len,alex          was  C 57  903  166  268   5  19  70  110  79  250   46  19  49  57 117   1   407   0   0   0  40  -72
len,alex          tot  C 64  980  171  278   8  25  73  116  79  261   49  20  57  63 127   1   423   0   0   0  42  -95
leonard,kawhi     lac SF 52 1771  465  908 101 254 261  295  55  337  269  81 105  21  82   0  1292   0   0   0  52  447
leonard,meyers    mia  C  3   30    3    7   3   7   1    2   0    7    2   0   2   0   5   0    10   0   0   0   2   -4
levert,caris      bro SG 12  335   87  200  22  63  26   34  10   52   72  13  26   6  20   0   222   0   0   0   4   47
levert,caris      ind SG 34 1133  268  606  61 193 116  142  23  161  166  51  75  24  84   0   713   0   0   0  34  -61
levert,caris      tot SG 46 1468  355  806  83 256 142  176  33  213  238  64 101  30 104   0   935   0   0   0  38  -14
lewis,kira        nor PG 54  907  130  337  40 120  43   51  12   71  124  38  34  10  88   1   343   0   0   0   0   23
lillard,damian    por PG 67 2397  602 1334 275 704 447  482  32  283  505  62 203  17 102   0  1926   0   0   0  67  198
little,nassir     por SF 48  644   78  167  28  80  36   45  32  128   23   5  18  13  51   0   220   0   0   0   2  -40
looney,kevon      gsw PF 61 1163  108  197   4  17  31   48 116  321  118  22  36  22 136   0   251   0   0   0  34  129
lopez,brook       mil  C 70 1903  322  640  95 281 120  142 104  347   50  41  64 103 149   0   859   0   0   0  70  312
lopez,robin       was  C 71 1356  269  424   5  18  99  137 140  272   55  15  75  44 109   0   642   0   0   0   9  -13
louzada,didi      nor SG  2   42    2    8   2   6   0    0   1    2    3   2   3   0   3   0     6   0   0   0   0  -21
love,kevin        cle PF 25  624  103  252  57 156  42   51  17  186   63  16  38   2  26   0   305   0   0   0  25  -72
lowry,kyle        tor PG 46 1604  260  596 131 331 140  160  35  247  338  47 126  12 143   0   791   0   0   0  46   -6
luwawu-cabarrot   bro SG 58 1052  130  356  75 239  35   43  28  129   70  33  43   6  99   1   370   0   0   0   7  -28
lyles,trey        san PF 23  357   43   90  14  40  15   23   9   86   14   6   6   1  13   0   115   0   0   0   9 -108
magnay,will       nor PF  1    3    0    1   0   1   0    0   0    0    0   0   1   0   1   0     0   0   0   0   0  -10
maker,thon        cle  C  8   76   10   18   0   2  10   11   8   18    4   2   3   4   7   0    30   0   0   0   0  -18
maledon,theo      okl PG 65 1774  226  614 105 313 101  135  25  211  227  55 141  11 126   0   658   0   0   0  49 -621
mane,karim        orl SG 10   89    3   13   1   2   4    5   1   14    4   0   3   2  10   0    11   0   0   0   0  -22
mann,terance      lac SG 67 1268  178  350  38  91  78   94  56  243  104  30  40  13 126   1   472   0   0   0  10   31
mannion,nico      gsw PG 30  361   39  113  22  60  23   28   6   46   70  16  32   1  29   0   123   0   0   0   1  -76
marjanovic,boba   dal  C 33  271   62  122   1   8  31   38  47  128   10   2  12   6  29   0   156   0   0   0   3   23
markkanen,lauri   chi PF 51 1318  250  520 119 296  76   92  35  269   45  26  52  15  75   0   695   0   0   0  26  -48
marshall,naji     nor SF 32  698   82  209  29  83  53   75  15  148   88  26  38  10  58   1   246   0   0   0  10  -28
martin,caleb      cha SF 53  820   96  256  31 125  41   64  31  141   67  37  33  13  62   0   264   0   0   0   3 -100
martin,cody       cha SF 52  851   83  188  16  58  25   43  51  160   86  38  40  12  52   0   207   0   0   0  10   -4
martin,jeremiah   cle PG  9   75    9   33   3  12   1    5   2    7    4   5   6   2   1   0    22   0   0   0   0  -26
martin,kelan      ind SF 34  308   58  127  21  53   7    8  18   74   16  10  15  10  35   0   144   0   0   0   0   91
martin,kenyonjr   hou SF 45 1067  162  318  35  96  60   84  73  242   48  30  38  41  89   2   419   0   0   0   8 -283
mason,frank       orl PG  4   79    9   24   2   5   5    7   3   12   12   0   5   0   7   0    25   0   0   0   1  -19
mathews,garriso   was SG 64 1038   97  237  76 198  84   95  16   87   26  28  10   7 106   0   354   0   0   0  24 -135
mathias,dakota    phi SG  8  124   19   48   8  26   2    6   1    7   13   1   1   3   7   0    48   0   0   0   2  -31
matthews,wesley   lal SG 58 1134   89  252  66 197  35   41  20   94   54  37  26  16  80   0   279   0   0   0  10   38
maxey,tyrese      phi PG 61  941  198  429  31 103  61   70  11  104  120  26  41  13  79   1   488   0   0   0   8  -52
mays,skylar       atl SG 33  273   44   98  14  40  22   25  10   35   30  14   9   2  15   0   124   0   0   0   0   13
mccaw,patrick     tor SF  5   33    1    1   0   0   3    3   1    3    4   2   0   0   6   0     5   0   0   0   0  -18
mccollum,cj       por SG 47 1602  405  884 169 420 108  133  30  185  223  44  64  21  88   0  1087   0   0   0  47  207
mcconnell,t.j.    ind PG 68 1756  268  480  15  46  33   48  54  251  439 126 133  22 111   0   584   0   0   0   3   57
mcdaniels,jaden   min PF 63 1512  164  367  72 198  27   45  52  232   71  37  47  60 172   1   427   0   0   0  27 -103
mcdaniels,jalen   cha PF 47  905  133  283  35 105  45   64  45  169   53  28  45  19  95   0   346   0   0   0  18 -180
mcdermott,doug    ind SF 65 1585  346  650 107 278  80   98  60  219   83  19  52   5 113   1   879   0   0   0  28  -51
mcdermott,sean    mem SF 18  158   13   33   5  22   8    8   6   19    4   2   4   3   8   0    39   0   0   0   0  -57
mcgee,javale      cle  C 33  501  112  215   5  20  36   55  54  170   33  16  45  40  80   2   265   0   0   0   1 -108
mcgee,javale      den  C 13  177   32   67   0   4   8   12  23   69    6   3  15  14  41   1    72   0   0   0   1   19
mcgee,javale      tot  C 46  678  144  282   5  24  44   67  77  239   39  19  60  54 121   3   337   0   0   0   2  -89
mcgruder,rodney   det SG 16  194   37   70  11  24   6    8   8   22   16   8   7   1  12   0    91   0   0   0   2  -17
mckinnie,alfonz   lal SF 39  258   48   93  16  39  10   18  22   54    6   7   5   0  26   0   122   0   0   0   0    7
mclaughlin,jorda  min PG 51  942  100  242  33  92  23   30  22  109  193  51  51   6  44   0   256   0   0   0   2 -133
mclemore,ben      hou SF 32  536   80  224  55 166  23   32  11   66   28  20  28   3  51   0   238   0   0   0   4  -92
mclemore,ben      lal SG 21  368   55  141  42 114  16   21   4   34   11   4  15   6  37   0   168   0   0   0   1   -8
mclemore,ben      tot SG 53  904  135  365  97 280  39   53  15  100   39  24  43   9  88   0   406   0   0   0   5 -100
melli,nicolo      dal PF 23  322   31   82  16  48  13   18  17   65   19   6   5   3  30   0    91   0   0   0   4    1
melli,nicolo      nor PF 22  243   15   59   7  37   6    7  12   57   25   9   7   1  28   0    43   0   0   0   0   23
melli,nicolo      tot PF 45  565   46  141  23  85  19   25  29  122   44  15  12   4  58   0   134   0   0   0   4   24
melton,de'antho   mem SG 52 1043  172  393  87 211  41   51  30  161  132  59  66  31  85   0   472   0   0   0   1  119
merrill,sam       mil SG 30  233   32   72  21  47   4    4   6   30   21   8  10   1  17   0    89   0   0   0   2  -38
metu,chimezie     sac PF 36  491   91  179  13  37  31   43  31  113   28  14  29  19  59   0   226   0   0   0   6  -58
middleton,khris   mil SF 68 2266  511 1074 151 365 212  236  54  406  370  74 178   9 160   0  1385   0   0   0  68  289
miller,darius     okl SF 18  199   22   48  17  42  12   12   2   24   21  12   8   5  13   0    73   0   0   0   0   37
mills,patty       san PG 68 1684  252  612 161 430  71   78  18  116  162  41  65   3  81   0   736   0   0   0   1   27
millsap,paul      den PF 56 1167  191  401  49 143  71   98  76  262   98  50  50  35 111   1   502   0   0   0  36  102
milton,shake      phi SG 63 1465  300  667  71 203 146  176  33  148  193  39 103  18 130   0   817   0   0   0   4  131
mitchell,donova   uta SG 53 1771  478 1092 178 461 267  316  50  235  277  52 147  15 117   0  1401   0   0   0  53  287
mokoka,adam       chi SG 14   57    7   19   1  10   0    1   1    5    5   3   5   1   5   0    15   0   0   0   0   -8
monk,malik        cha SG 42  880  173  399  85 212  59   72  14  101   87  19  56   4  47   0   490   0   0   0   0   33
moore,e'twaun     pho SG 27  390   55  121  11  35  12   14  14   45   40  15  23   5  32   0   133   0   0   0   1    7
morant,ja         mem PG 63 2055  430  957  73 241 271  372  59  252  465  57 203  13  87   0  1204   0   0   0  63  108
morgan,juwan      uta SF 29  148   14   30   4  13   3    7   9   28    9   4   4   1  21   1    35   0   0   0   0 -107
morris,marcus     lac SF 57 1503  276  584 140 296  73   89  34  233   58  34  57  15 117   0   765   0   0   0  29  134
morris,markieff   lal PF 61 1201  153  378  65 209  36   50  48  266   73  22  54  19 105   0   407   0   0   0  27   22
morris,monte      den PG 47 1197  186  387  51 134  58   73  11   96  150  34  34  13  48   0   481   0   0   0  13  153
mulder,mychal     gsw SG 60  768  119  265  85 214  14   22   8   60   26  12  16  12  56   0   337   0   0   0   6   62
murray,dejounte   san PG 67 2142  441  974  63 199 106  134  58  473  363 101 117   7 135   0  1051   0   0   0  67   86
murray,jamal      den PG 48 1704  378  792 129 316 133  153  37  194  231  64 107  13  95   1  1018   0   0   0  48  301
muscala,mike      okl PF 35  648  119  267  68 184  33   36  19  132   28   8  21  10  54   0   339   0   0   0   0   17
mykhailiuk,svia   det SG 36  637   84  223  57 171  24   30  11   74   57  27  39   5  33   0   249   0   0   0   5  -30
mykhailiuk,svia   okl SG 30  689  124  283  48 143  14   20  13   89   53  24  49   6  30   0   310   0   0   0   9 -199
mykhailiuk,svia   tot SG 66 1326  208  506 105 314  38   50  24  163  110  51  88  11  63   0   559   0   0   0  14 -229
nader,abdel       pho SF 24  353   57  116  18  43  28   37   7   62   19  10  19   9  34   0   160   0   0   0   0   28
nance,larry       cle PF 35 1095  128  272  41 114  30   49  54  235  107  61  55  17  72   0   327   0   0   0  27 -136
nesmith,aaron     bos SF 46  665   78  179  40 108  22   28  29  128   23  15  23   9  87   0   218   0   0   0   1   -7
neto,raul         was PG 64 1403  209  447  64 164  75   85  28  156  146  73  53   6 109   0   557   0   0   0  22  -21
niang,georges     uta SF 72 1154  177  405 124 292  22   23  28  176   59  26  51   7 116   0   500   0   0   0  10  353
nnaji,zeke        den PF 42  399   50  104  24  59  12   15  14   65   10   8   7   4  29   0   136   0   0   0   1  -82
noel,nerlens      nyk  C 64 1544  137  225   0   4  50   70 143  410   46  70  65 141 176   3   324   0   0   0  41   -2
nowell,jaylen     min SG 42  760  142  335  50 150  45   55  19   95   62  22  28  12  72   0   379   0   0   0   0  -99
ntilikina,frank   nyk PG 33  326   29   79  23  48   8   18   6   31   19  19  11   4  45   1    89   0   0   0   4  -34
nunn,kendrick     mia SG 56 1651  319  659 122 320  56   60  21  179  148  54  80  14 108   0   816   0   0   0  44   -7
nunnally,james    nor SF  9   48    5   13   4  12   1    2   2    9    3   0   2   0   1   0    15   0   0   0   0   -4
nurkic,jusuf      por  C 37  881  171  333  12  30  70  113  86  332  125  38  73  40 103   0   424   0   0   0  37  124
nwaba,david       hou SG 30  678  106  217  17  63  47   68  40  118   31  30  17  21  60   0   276   0   0   0   9  -28
nwora,jordan      mil SF 30  275   62  135  28  62  19   25   9   60    7  17  24   7  22   0   171   0   0   0   2   -3
o'neale,royce     uta SF 71 2243  175  394 107 278  39   46  88  485  180  57  83  32 182   0   496   0   0   0  71  471
ojeleye,semi      bos PF 56  949   89  221  58 158  24   32  31  147   37  17  21   0  56   0   260   0   0   0  15    5
okafor,jahlil     det  C 27  345   63  101   2   9  17   24  22   65   13   6  21   5  39   0   145   0   0   0   2  -83
okeke,chuma       orl PF 45 1134  135  323  49 140  30   40  42  181  101  48  38  23  48   0   349   0   0   0  19 -184
okogie,josh       min SF 59 1197  102  254  29 108  83  108  63  156   63  54  42  28 123   0   316   0   0   0  37 -192
okongwu,onyeka    atl PF 50  599   96  149   0   4  36   57  62  163   18  23  29  32 100   0   228   0   0   0   4  -89
okoro,isaac       cle SG 67 2173  235  558  62 214 114  157  68  206  128  62  86  24 185   2   646   0   0   0  67 -407
okpala,kz         mia SF 37  444   36   96  12  50   8   15  21   68   19  10  15  11  59   0    92   0   0   0   9  -67
oladipo,victor    hou SG 20  669  155  381  49 153  65   83   8   95   99  24  51  10  45   0   424   0   0   0  20  -79
oladipo,victor    ind SG  9  298   64  152  25  69  27   37   1   51   38  15  18   2  23   0   180   0   0   0   9   22
oladipo,victor    mia SG  4  111   16   43   4  17  12   18   3   14   14   7  14   2  13   0    48   0   0   0   4  -14
oladipo,victor    tot SG 33 1078  235  576  78 239 104  138  12  160  151  46  83  14  81   0   652   0   0   0  33  -71
oliver,cameron    hou SF  4   88   19   33   4  13   1    4   5   21    5   2   3   4  11   0    43   0   0   0   0  -11
olynyk,kelly      hou PF 27  839  175  321  49 125 114  135  43  228  112  39  71  16  84   0   513   0   0   0  24 -164
olynyk,kelly      mia PF 43 1160  162  376  77 242  31   40  44  260   91  41  55  26 123   1   432   0   0   0  38   64
olynyk,kelly      tot PF 70 1999  337  697 126 367 145  175  87  488  203  80 126  42 207   1   945   0   0   0  62 -100
oni,miye          uta SG 54  521   35   99  30  88   5    6  23   84   28  11  16   8  61   0   105   0   0   0   0   92
osman,cedi        cle SF 59 1511  219  586  99 324  76   95  39  202  174  53  81   9 119   0   613   0   0   0  26 -323
oturu,daniel      lac  C 30  163   22   52   1   5   9   12  21   48   10   5   9   7  24   0    54   0   0   0   0   10
oubre,kelly       gsw SF 55 1690  318  724  90 285 123  177  82  329   73  59  70  42 121   0   849   0   0   0  50 -189
parker,jabari     bos SF 10  139   26   48   2  10  10   13   9   36   10   1   7   4   9   0    64   0   0   0   0    9
parker,jabari     sac PF  3   27    4    7   0   1   0    0   1    6    1   0   3   1   4   0     8   0   0   0   0  -23
parker,jabari     tot PF 13  166   30   55   2  11  10   13  10   42   11   1  10   5  13   0    72   0   0   0   0  -14
paschall,eric     gsw PF 40  697  148  298  18  54  67   94  28  128   51  12  43   7  68   0   381   0   0   0   2 -113
pasecniks,anzej   was  C  1    6    0    1   0   1   0    0   1    1    1   0   5   0   2   0     0   0   0   0   0  -13
patterson,patri   lac PF 38  583   72  165  40 112  13   17  19   75   29  14  11   8  45   0   197   0   0   0   6   23
patton,justin     hou  C 13  246   29   70   9  34   3    4  14   50   14  12   4  15  34   1    70   0   0   0   6  -81
paul,chris        pho PG 70 2200  439  879 102 258 169  181  25  311  622 100 156  18 166   0  1149   0   0   0  70  310
payne,cameron     pho PG 60 1078  191  395  73 166  50   56  16  145  217  36  60  16  97   1   505   0   0   0   1  177
payton,elfrid     nyk PG 63 1487  269  620  28  98  73  107  64  216  203  47 103   9 116   0   639   0   0   0  63  -98
payton,gary       gsw PG 10   43   10   13   2   4   3    4   2   11    1   6   1   1   8   0    25   0   0   0   0    3
pelle,norvel      bro PF  3   28    3    7   0   0   0    0   3    7    0   0   3   3   9   1     6   0   0   0   0   -8
pelle,norvel      nyk PF  9   51    5    7   0   0   0    0   2    8    1   1   0   4   4   0    10   0   0   0   0   25
pelle,norvel      sac PF  1    4    0    1   0   0   3    4   1    1    1   0   0   0   1   0     3   0   0   0   0    2
pelle,norvel      tot PF 13   83    8   15   0   0   3    4   6   16    2   1   3   7  14   1    19   0   0   0   0   19
perry,reggie      bro SF 26  209   32   77   4  21  10   13  27   74   14   6  15   6  40   0    78   0   0   0   0  -35
pinson,theo       nyk SG 17   36    1    9   0   8   0    0   0    5    1   0   1   0   4   0     2   0   0   0   0  -16
plumlee,mason     det  C 56 1498  234  380   0   7 113  169 145  519  202  43 105  50 186   7   581   0   0   0  56 -150
poeltl,jakob      san  C 69 1848  265  431   0   0  63  124 221  549  134  47  84 123 172   1   593   0   0   0  51  107
poirier,vincent   phi  C 10   39    3   12   0   1   2    6   6   13    2   0   3   3   8   0     8   0   0   0   0  -16
pokusevski,alek   okl PF 45 1087  139  408  58 207  31   42  30  213   97  20  99  42  58   0   367   0   0   0  28 -393
poole,jordan      gsw SG 51  987  205  474  97 276 105  119  15   92   99  26  51   9  86   0   612   0   0   0   7   28
porter,jontay     mem PF 11   54    8   15   3   8   3    5   4   14    1   3   7   1  12   0    22   0   0   0   0    1
porter,kevin      hou SF 26  838  156  367  50 161  69   94  20   99  164  19  91   8  61   1   431   0   0   0  23 -224
porter,michael    den PF 61 1918  443  817 170 382 106  134  91  445   70  40  78  54 126   0  1162   0   0   0  54  360
porter,otto       chi SF 25  538   89  202  38  95  31   37  28  139   50  12  25   4  37   0   247   0   0   0   6  -53
porter,otto       orl SF  3   67    9   25   1   9   5    5   0   14    5   4   0   0   4   0    24   0   0   0   0   13
porter,otto       tot SF 28  605   98  227  39 104  36   42  28  153   55  16  25   4  41   0   271   0   0   0   6  -40
portis,bobby      mil PF 66 1370  313  600  74 158  54   73 125  467   71  52  57  26 115   0   754   0   0   0   7  136
porzingis,krist   dal PF 43 1325  325  683  97 258 118  138  82  381   68  20  51  58 115   2   865   0   0   0  43    8
powell,dwight     dal  C 58  966  120  193   5  21  97  124  81  236   63  35  40  30 135   1   342   0   0   0  19   73
powell,norman     por SG 27  928  156  352  53 147  95  108  23   89   52  35  43  10  62   1   460   0   0   0  27   98
powell,norman     tor SG 42 1278  282  566 118 269 141  163  19  125   77  47  76   8  98   1   823   0   0   0  31  -19
powell,norman     tot SG 69 2206  438  918 171 416 236  271  42  214  129  82 119  18 160   2  1283   0   0   0  58   79
prince,taurean    bro PF 12  220   30   74  13  37  24   27   2   34    7   8  11   8  21   0    97   0   0   0   4  -18
prince,taurean    cle SF 29  686  101  253  49 118  41   49  17  108   69  20  36  15  54   0   292   0   0   0   6 -109
prince,taurean    tot SF 41  906  131  327  62 155  65   76  19  142   76  28  47  23  75   0   389   0   0   0  10 -127
pritchard,payto   bos PG 66 1265  184  418 102 248  40   45  33  158  120  37  53   8 104   0   510   0   0   0   4   40
quickley,immanu   nyk SG 64 1243  229  580 118 303 155  174  25  137  127  30  57  12 114   0   731   0   0   0   3  182
ramsey,jahmi'us   sac SG 13   94   15   38   5  19   5    5   2   10    6   4   3   1   8   0    40   0   0   0   0    2
randle,chasson    orl PG 41  841   92  237  44 130  38   48   7   82   74  23  46   5  64   1   266   0   0   0   5 -265
randle,julius     nyk PF 71 2666  602 1322 160 389 348  429  84  723  427  64 240  18 225   1  1712   0   0   0  71  153
reddish,cam       atl SF 26  749   96  263  33 126  67   82  22  103   35  33  34   9  68   0   292   0   0   0  21  -49
redick,jj         dal SG 13  147   19   53  15  38   4    5   1   12   11   2  11   1  13   0    57   0   0   0   0   33
redick,jj         nor SG 31  576   87  214  51 140  45   47   3   52   40   9  25   2  37   1   270   0   0   0   0  -31
redick,jj         tot SG 44  723  106  267  66 178  49   52   4   64   51  11  36   3  50   1   327   0   0   0   0    2
reed,paul         phi SF 26  179   42   78   0   6   4    8  30   61   12  11  12  13  29   0    88   0   0   0   0   36
reid,naz          min  C 70 1349  304  581  61 174 115  166  83  323   72  34  70  75 179   2   784   0   0   0  15 -292
reynolds,camero   hou SF  2   34    5   16   3  12   0    0   2    5    2   0   0   0   2   0    13   0   0   0   0  -22
reynolds,camero   san SF  3    6    1    2   0   0   0    0   0    0    0   0   0   0   0   0     2   0   0   0   0   -4
reynolds,camero   tot SF  5   40    6   18   3  12   0    0   2    5    2   0   0   0   2   0    15   0   0   0   0  -26
richards,nick     cha  C 18   61    4    9   0   1   7   11   4   10    2   0   3   0   7   0    15   0   0   0   0  -12
richardson,josh   dal SG 59 1787  264  618  88 267  99  108  51  195  153  61  79  24 130   1   715   0   0   0  56  -46
riller,grant      cha PG  7   26    8   12   2   4   0    0   0    1    3   1   1   0   0   0    18   0   0   0   0   -4
rivers,austin     den PG 15  402   46  110  27  72  12   17   3   35   39  18  14   2  32   0   131   0   0   0   5   54
rivers,austin     nyk PG 21  440   58  135  28  77  10   14   5   47   42  12  22   0  32   0   154   0   0   0   2  -44
rivers,austin     tot PG 36  842  104  245  55 149  22   31   8   82   81  30  36   2  64   0   285   0   0   0   7   10
roberson,andre    bro SG  5   63    2   14   1   8   1    2   7   15    4   3   2   1   4   0     6   0   0   0   0  -19
robinson,duncan   mia SG 72 2262  315  717 250 613  62   75   7  250  127  43  81  20 181   2   942   0   0   0  72  118
robinson,glenn    sac SF 23  372   42   99  16  44  21   23  11   45   20   4  11   3  23   0   121   0   0   0   2 -131
robinson,jerome   was SG 17  304   28   95  11  42  16   20   4   38   25  12  20   6  31   0    83   0   0   0   6 -100
robinson,justin   okl PG  9   88    7   21   4  14   3    5   1    7    9   3   2   0  10   0    21   0   0   0   0  -45
robinson,mitche   nyk  C 31  852  115  176   0   0  26   53 113  250   17  36  26  45  86   0   256   0   0   0  29  -17
roby,isaiah       okl SF 61 1428  208  430  32 109  87  117  89  341  107  53 113  37 162   4   535   0   0   0  34 -437
rondo,rajon       atl PG 27  403   44  110  17  45   1    2   4   55   95  19  39   2  25   0   106   0   0   0   2  -49
rondo,rajon       lac PG 18  366   51  105  19  44  15   15  14   55  104  17  40   2  28   0   136   0   0   0   1   70
rondo,rajon       tot PG 45  769   95  215  36  89  16   17  18  110  199  36  79   4  53   0   242   0   0   0   3   21
rose,derrick      det PG 15  342   79  184  13  39  42   50   6   29   63  18  29   4  17   0   213   0   0   0   0  -71
rose,derrick      nyk PG 35  937  208  427  37  90  68   77  14  101  146  31  49  15  39   1   521   0   0   0   3  204
rose,derrick      tot PG 50 1279  287  611  50 129 110  127  20  130  209  49  78  19  56   1   734   0   0   0   3  133
ross,terrence     orl SG 46 1345  254  616  89 264 120  138  16  159  109  47  73  21  88   1   717   0   0   0   2 -237
rozier,terry      cha PG 69 2383  510 1133 222 571 165  202  48  303  293  86 129  26 119   0  1407   0   0   0  69  -89
rubio,ricky       min PG 68 1770  193  498  66 214 130  150  28  223  432  99 109   4 139   0   582   0   0   0  51 -186
russell,d'angel   min SG 42 1197  281  652 120 310 114  149  16  111  245  44 113  18  68   0   796   0   0   0  26 -195
sabonis,domanta   ind PF 61 2192  472  886  51 160 240  328 148  725  410  73 207  33 200   4  1235   0   0   0  61 -100
samanic,luka      san PF 33  311   47  105  12  43  16   29  16   68   15   8  20   8  44   0   122   0   0   0   4  -20
sampson,jakarr    ind SF 28  304   56  110   3  15  19   29  26   74    4   2  14  13  49   2   134   0   0   0   4    4
saric,dario       pho PF 50  868  153  342  47 135  84   99  46  191   65  30  57   4  95   0   437   0   0   0   4  219
satoransky,toma   chi SG 58 1310  169  328  42 118  67   79  30  142  271  40  96  14  89   1   447   0   0   0  18    0
schroder,dennis   lal PG 61 1958  332  760  71 212 207  244  30  211  352  70 163  12 159   1   942   0   0   0  61   84
scott,mike        phi PF 50  841   75  208  53 153   7   11  10  118   40  24  19  13  70   0   210   0   0   0  12    8
scrubb,jay        lac SG  4   84   14   36   2   9   5    5   2   14    1   4   7   0   5   0    35   0   0   0   1    2
sexton,collin     cle PG 60 2115  525 1105  98 264 312  383  58  187  262  62 167  10 157   0  1460   0   0   0  60 -376
shamet,landry     bro SG 61 1396  186  456 129 333  66   78  11  112   99  31  48  10  93   0   567   0   0   0  12   59
shumpert,iman     bro SF  2   11    1    4   0   3   0    0   1    1    0   1   1   0   0   0     2   0   0   0   0   -1
siakam,pascal     tor PF 56 2006  437  961  73 246 249  301  95  405  250  64 130  38 174   4  1196   0   0   0  56  127
silva,chris       mia PF 11   85    9   13   1   1  11   15   7   25    6   1   9   5  20   1    30   0   0   0   0   -1
silva,chris       sac PF  4    9    1    3   0   0   0    0   0    2    0   0   1   1   4   0     2   0   0   0   0   -1
silva,chris       tot PF 15   94   10   16   1   1  11   15   7   27    6   1  10   6  24   1    32   0   0   0   0   -2
silva,marcos      nor SG  1   15    1    5   0   2   0    0   0    1    0   0   0   0   2   0     2   0   0   0   0   10
simmons,ben       phi PG 58 1878  325  583   3  10 176  287  93  417  401  93 173  35 171   2   829   0   0   0  58  329
simons,anfernee   por SG 64 1102  168  401 120 281  46   57  14  140   89  18  43   8  96   1   502   0   0   0   0   42
sirvydis,deivid   det SF 20  133   14   40  10  28   3    6   0   29    5   2   5   0   9   0    41   0   0   0   0  -23
smailagic,alen    gsw PF 15   84   11   27   4  10   2    6   6   16    4   3   5   5  11   0    28   0   0   0   1  -32
smart,marcus      bos PG 48 1580  203  510  93 282 128  162  36  167  273  71  96  24 126   1   627   0   0   0  45   93
smith,dennis      det PG 20  393   56  135  19  55  14   20  12   53   74  20  25  14  33   0   145   0   0   0   9  -13
smith,dennis      nyk PG  3   28    2   10   0   4   5    6   0    2    3   3   1   0   4   0     9   0   0   0   0   -6
smith,dennis      tot PG 23  421   58  145  19  59  19   26  12   55   77  23  26  14  37   0   154   0   0   0   9  -19
smith,ish         was PG 44  921  129  297  18  49  19   33  22  150  172  32  41  13  62   0   295   0   0   0   1   50
smith,jalen       pho PF 27  155   22   50   4  17   5    7   7   37    4   1   7   5  16   0    53   0   0   0   1  -16
snell,tony        atl SG 47  992   88  171  62 109  11   11  18  113   59  13  21  11  75   0   249   0   0   0  23   66
spalding,ray      hou PF  2   19    2    4   0   1   0    2   2    4    0   0   3   2   3   0     4   0   0   0   0   -7
stanley,cassius   ind SG 24   94   13   43   3  13   7    9   8   20    1   2   1   2  14   0    36   0   0   0   0   20
stevens,lamar     cle PF 40  502   62  136   4  25  37   51  24   96   25  17  23  13  53   0   165   0   0   0   0 -115
stewart,isaiah    det  C 68 1457  226  410  21  63  64   92 160  454   59  38  67  87 184   2   537   0   0   0  14  -60
strus,max         mia SG 39  508   85  187  50 148  16   24   5   41   24  11   8   2  43   0   236   0   0   0   0  -40
sumner,edmond     ind PG 53  860  148  283  35  88  68   83  18   94   49  33  51  10  88   0   399   0   0   0  24  -33
tate,jae'sean     hou SF 70 2039  316  626  60 195 102  147 132  374  178  85  99  37 222   2   794   0   0   0  58 -189
tatum,jayson      bos PF 64 2290  605 1318 187 485 295  340  50  472  276  75 172  31 122   0  1692   0   0   0  64  161
teague,jeff       bos PG 34  616   78  188  26  56  51   61  10   57   73  28  39   7  43   0   233   0   0   0   5   57
teague,jeff       mil PG 21  335   45   95  10  26  38   44   5   31   59   8  25   5  13   0   138   0   0   0   2   -1
teague,jeff       tot PG 55  951  123  283  36  82  89  105  15   88  132  36  64  12  56   0   371   0   0   0   7   56
temple,garrett    chi SG 56 1528  158  381  67 200  40   50  29  159  124  42  57  29 126   1   423   0   0   0  25   48
terry,tyrell      dal PG 11   58    5   16   0   7   1    3   0    6    6   5   2   0   2   0    11   0   0   0   0    0
theis,daniel      bos  C 42 1024  159  288  33  95  46   67  54  220   67  25  41  43 120   1   397   0   0   0  37   68
theis,daniel      chi  C 23  574   93  178  16  57  28   43  39  136   41  16  25  14  47   0   230   0   0   0  14  -98
theis,daniel      tot  C 65 1598  252  466  49 152  74  110  93  356  108  41  66  57 167   1   627   0   0   0  51  -30
thomas,brodric    cle SG 28  376   37  101  15  53  26   39   7   49   26  14  18   9  35   0   115   0   0   0   1  -58
thomas,brodric    hou SG  4   24    2    7   1   6   5    7   1    4    4   1   4   1   5   0    10   0   0   0   0   10
thomas,brodric    tot SG 32  400   39  108  16  59  31   46   8   53   30  15  22  10  40   0   125   0   0   0   1  -48
thomas,isaiah     nor PG  3   48    9   27   3  12   2    2   1    4    5   1   6   0   3   0    23   0   0   0   0    8
thomas,khyri      hou SG  5  153   32   66   9  27   9    9   7   18   25   9   6   6   8   0    82   0   0   0   2   14
thomas,matt       tor SG 26  192   24   62  17  41   6    7   3   21    9   2   6   0  10   0    71   0   0   0   0  -29
thomas,matt       uta SG 19  133   26   65  10  39   6    7   4   23   10   2   8   0   8   0    68   0   0   0   0  -38
thomas,matt       tot SG 45  325   50  127  27  80  12   14   7   44   19   4  14   0  18   0   139   0   0   0   0  -67
thompson,trista   bos  C 54 1288  169  326   0   3  71  120 169  439   67  24  62  33 119   0   409   0   0   0  43   24
thornwell,sinda   nor SG 14   74    7   21   3   9   0    2   1    5    4   5   4   1   3   0    17   0   0   0   1   13
thornwell,sinda   orl SG  7  143    8   25   4  14   4    6   2   13   17   7   3   1  11   0    24   0   0   0   0  -19
thornwell,sinda   tot SG 21  217   15   46   7  23   4    8   3   18   21  12   7   2  14   0    41   0   0   0   1   -6
thybulle,matiss   phi SG 65 1298  102  243  43 143   8   18  30  125   63 105  32  72 127   0   255   0   0   0   8   96
tillie,killian    mem PF 18  183   19   57  10  33   9   11   6   24    8   5   2   8  20   0    57   0   0   0   1   40
tillman,xavier    mem PF 59 1086  167  299  22  65  34   53  74  256   75  44  45  34 116   2   390   0   0   0  12   33
tolliver,anthony  phi PF 11   99    4   17   4  14   5    6   3   10    2   3   3   2   7   0    17   0   0   0   0   30
toppin,obi        nyk PF 62  685  104  209  26  85  19   26  26  138   29  17  23  15  55   0   253   0   0   0   0   25
toscano-anderso   gsw SF 53 1110  121  209  37  92  22   31  28  233  150  41  62  26 111   0   301   0   0   0  16   97
toupane,axel      mil SF  8   61    4   11   1   2   5    7   0    6    4   2   0   3   6   0    14   0   0   0   1   -3
towns,karl-anth   min  C 50 1689  425  875 122 315 267  311 133  529  225  39 160  57 186   7  1239   0   0   0  50   11
trent,gary        por SG 41 1266  217  524 121 305  58   75  21   91   58  37  31   6  63   0   613   0   0   0  23   -6
trent,gary        tor SG 17  539  103  261  44 124  25   31   6   61   22  19  12   4  29   0   275   0   0   0  15  -53
trent,gary        tot SG 58 1805  320  785 165 429  83  106  27  152   80  56  43  10  92   0   888   0   0   0  38  -59
tucker,p.j.       hou PF 32  959   48  131  27  86  18   23  33  148   45  28  33  18  91   1   141   0   0   0  32 -165
tucker,p.j.       mil PF 20  397   18   46  13  33   3    5  18   56   16  10   7   2  34   0    52   0   0   0   1  -14
tucker,p.j.       tot PF 52 1356   66  177  40 119  21   28  51  204   61  38  40  20 125   1   193   0   0   0  33 -179
tucker,rayjon     phi SG 14   69    9   18   2   7  14   19   1   11    6   2   4   0   8   0    34   0   0   0   0  -12
turner,myles      ind  C 47 1457  206  432  69 206 111  142  63  307   48  40  67 159 165   4   592   0   0   0  47   25
valanciunas,jon   mem  C 62 1758  440  742  21  57 157  203 252  776  112  34 100  58 179   1  1058   0   0   0  61  134
valentine,denze   chi SG 62 1039  155  416  80 242  16   17  24  197  105  30  42   7  70   0   406   0   0   0   3   45
vanderbilt,jarr   min PF 64 1141  143  236   1   5  57  102 118  368   76  64  53  47 123   0   344   0   0   0  30  -53
vanvleet,fred     tor SG 52 1902  338  870 174 476 169  191  32  220  328  87  95  37 119   0  1019   0   0   0  52  139
varejao,anderson  cle  C  5   36    4   16   0   1   5    9   7   20    3   0   1   2   3   0    13   0   0   0   0  -33
vassell,devin     san SG 62 1060  123  303  52 150  43   51  24  174   56  43  22  18  88   0   341   0   0   0   7  -65
vincent,gabe      mia PG 50  660   88  233  46 149  20   23  11   57   67  20  34   2  79   1   242   0   0   0   7  -76
vonleh,noah       bro  C  4   11    0    3   0   2   0    0   0    1    1   0   2   0   2   0     0   0   0   0   0  -16
vucevic,nikola    chi  C 26  847  230  488  59 152  40   46  60  301  102  23  43  20  58   0   559   0   0   0  26  -63
vucevic,nikola    orl  C 44 1500  436  909 117 289  91  110  87  517  167  42  83  28  79   0  1080   0   0   0  44 -278
vucevic,nikola    tot  C 70 2347  666 1397 176 441 131  156 147  818  269  65 126  48 137   0  1639   0   0   0  70 -341
wade,dean         cle PF 63 1214  134  311  78 213  30   39  38  215   74  34  30  21  78   1   376   0   0   0  19 -222
wagner,moritz     bos  C  9   62    4   14   2   6   1    2   3   19    6   0   9   1  10   0    11   0   0   0   1  -20
wagner,moritz     orl  C 11  286   38   93  16  43  29   33  11   54   12   4  13   9  36   0   121   0   0   0  10 -133
wagner,moritz     was  C 25  375   62  122  13  42  41   52  13   73   32  23  21   9  62   2   178   0   0   0  13    9
wagner,moritz     tot  C 45  723  104  229  31  91  71   87  27  146   50  27  43  19 108   2   310   0   0   0  24 -144
walker,kemba      bos PG 43 1369  284  676 127 353 134  149  16  170  212  48  88  12  61   0   829   0   0   0  43   93
walker,lonnie     san SG 60 1521  256  609 100 282  57   70  14  155  101  29  65  15 101   0   669   0   0   0  38 -209
wall,john         hou PG 40 1288  293  725  79 249 158  211  17  129  275  42 141  31  46   0   823   0   0   0  40 -166
wanamaker,brad    cha PG 22  429   54  126   3  24  40   45  10   39   75  16  34   5  39   0   151   0   0   0   0 -121
wanamaker,brad    gsw PG 39  625   61  173  13  61  50   56   8   66   99  26  37   6  55   0   185   0   0   0   0  -10
wanamaker,brad    tot PG 61 1054  115  299  16  85  90  101  18  105  174  42  71  11  94   0   336   0   0   0   0 -131
warren,t.j.       ind SF  4  118   27   51   0   7   8   10   2   14    5   2   4   0  16   1    62   0   0   0   4    1
washington,pj     cha PF 64 1955  302  688 112 290 108  145  94  418  161  69 128  79 171   1   824   0   0   0  61   35
watanabe,yuta     tor SF 50  722   79  180  36  90  24   29  35  158   40  26  19  21  57   0   218   0   0   0   4  -40
waters,tremont    bos PG 26  239   34   84  15  38  16   17   5   21   62  15  27   1  17   0    99   0   0   0   3  -10
watson,paul       tor SG 27  295   38   82  30  64   5    8   4   45   17   5   9   3  36   0   111   0   0   0   2   -3
weatherspoon,qu   san SG 20  121   16   35   1   6  13   16   3   11    8   8  10   2  18   1    46   0   0   0   0  -59
westbrook,russe   was PG 65 2370  544 1238  86 273 271  413 109  750  763  88 312  23 190   2  1445   0   0   0  65  -87
white,coby        chi PG 69 2158  375  902 163 454 128  142  27  283  328  37 157  16 179   0  1041   0   0   0  54 -107
white,derrick     san PG 36 1064  186  453  84 243  97  114  13  107  127  26  45  36  91   0   553   0   0   0  32   93
whiteside,hassa   sac  C 36  549  126  224   0   1  41   79  61  215   20   9  40  46  73   0   293   0   0   0   4 -105
whittington,gre   den SF  4   11    0    3   0   2   0    0   0    0    0   0   0   0   0   0     0   0   0   0   0    9
wiggins,andrew    gsw SF 71 2366  505 1058 140 368 170  238  83  348  167  66 125  70 159   0  1320   0   0   0  71    0
williams,grant    bos PF 63 1138  108  248  48 129  30   51  48  179   64  32  56  23 161   0   294   0   0   0   9  -48
williams,kenric   okl SF 66 1428  219  411  52 117  36   63  84  273  152  57  76  17 143   0   526   0   0   0  13 -180
williams,lou      atl SG 24  503   84  217  24  54  47   54   6   50   80   8  41   2  20   0   239   0   0   0   1   -6
williams,lou      lac SG 42  917  181  430  45 119 103  119  15   88  144  39  66   4  42   0   510   0   0   0   3   83
williams,lou      tot SG 66 1420  265  647  69 173 150  173  21  138  224  47 107   6  62   0   749   0   0   0   4   77
williams,patric   chi SF 71 1982  255  528  54 138  91  125  66  327   99  63  98  46 126   0   655   0   0   0  71 -292
williams,robert   bos  C 52  987  186  258   0   2  45   73 133  358   94  43  51  92 105   1   417   0   0   0  13    8
williamson,zion   nor SF 61 2026  634 1037  10  34 369  529 167  441  226  57 167  39 135   1  1647   0   0   0  61   89
wilson,d.j.       hou SG 23  332   52  125  20  59  16   23  17   87   20  10  18  12  31   0   140   0   0   0   1  -71
wilson,d.j.       mil PF 12  104   16   43  10  28   1    2   3   25    3   1   4   4  13   0    43   0   0   0   0  -35
wilson,d.j.       tot PF 35  436   68  168  30  87  17   25  20  112   23  11  22  16  44   0   183   0   0   0   1 -106
windler,dylan     cle SG 31  515   57  131  26  78  21   27  20  107   33  19  32  12  37   0   161   0   0   0   0  -62
winslow,justise   mem SF 26  511   74  210  10  54  20   35  18  118   50  15  37  11  47   1   178   0   0   0   1  -77
winston,cassius   was PG 22   99   14   33   8  17   5    6   0    9   12   2   5   1   8   0    41   0   0   0   0  -49
wiseman,james     gsw  C 39  837  191  368  12  38  54   86  55  226   26  11  60  36 121   4   448   0   0   0  27 -183
wood,christian    hou PF 41 1326  329  640  77 206 125  198  76  395   71  34  80  48  88   0   860   0   0   0  41  -98
woodard,robert    sac SG 13   46    8   20   1   6   3    8   4   16    2   0   1   3   4   0    20   0   0   0   0   11
wright,delon      det PG 36 1052  136  293  31  89  71   90  38  166  181  56  49  19  45   1   374   0   0   0  31  -59
wright,delon      sac PG 27  699  104  225  33  83  30   36  28  105   97  42  35  10  30   0   271   0   0   0   8  -49
wright,delon      tot PG 63 1751  240  518  64 172 101  126  66  271  278  98  84  29  75   1   645   0   0   0  39 -108
young,thaddeus    chi PF 68 1654  370  663  12  45  71  113 166  421  291  74 136  40 152   1   823   0   0   0  23  146
young,trae        atl PG 63 2124  488 1113 136 397 484  546  38  245  594  53 261  12 111   0  1596   0   0   0  63  269
zeller,cody       cha PF 48 1004  181  324   4  28  85  119 118  327   86  27  50  18 120   0   451   0   0   0  21   41
zubac,ivica       lac  C 72 1610  257  394   1   4 135  171 190  519   90  24  81  62 187   0   650   0   0   0  33  184
