Player           Team PS GP  Min  FGM  FGA  3M  3A FTM  FTA  OR   TR   AS  ST  TO  BK  PF  DQ   PTS  TC  EJ  FF Sta +/-
achiuwa,preciou   tor SF 73 1730  265  603  56 156  78  131 146  473   82  38  84  41 151   1   664   0   0   0  28   72
adams,steven      mem  C 76 1997  210  383   0   1 108  199 348  760  256  66 115  60 153   1   528   0   0   0  75  353
adebayo,bam       mia  C 56 1826  406  729   0   6 256  340 137  564  190  79 148  44 171   2  1068   0   0   0  56  300
aldama,santi      mem PF 32  359   53  132   6  48  20   32  33   87   21   6  16  10  36   0   132   0   0   0   0   16
aldridge,lamarc   bro  C 47 1050  252  459  14  46  89  102  73  258   42  14  43  47  78   1   607   0   0   0  12   19
alexander-walke   nor SG 50 1319  237  632  95 305  70   97  35  163  139  41  84  19  88   0   639   0   0   0  19 -127
alexander-walke   uta SG 15  149   16   48  10  33  11   12   1   23   17   5   8   4  15   0    53   0   0   0   2   15
alexander-walke   tot SG 65 1468  253  680 105 338  81  109  36  186  156  46  92  23 103   0   692   0   0   0  21 -112
allen,grayson     mil SG 66 1806  255  569 159 389  64   74  31  221  100  45  43  18  96   0   733   0   0   0  61  233
allen,jarrett     cle  C 56 1809  369  545   1  10 165  233 191  601   92  44  94  76  97   0   904   0   0   0  56  135
alvarado,jose     nor PG 54  835  131  294  32 110  36   53  25  100  152  71  40   7  73   0   330   0   0   0   1  143
anderson,justin   cle SG  3   47    4    8   2   6   3    4   0    6    6   1   2   0   4   0    13   0   0   0   0   34
anderson,justin   ind SG 13  269   32   87  13  53  12   15   4   40   27   7   6   6  18   0    89   0   0   0   6  -49
anderson,justin   tot SG 16  316   36   95  15  59  15   19   4   46   33   8   8   6  22   0   102   0   0   0   6  -15
anderson,kyle     mem SF 69 1482  209  469  36 109  67  105  69  368  183  77  71  46 108   0   521   0   0   0  11   59
antetokounmpo,g   mil PF 67 2207  689 1244  71 242 553  766 134  778  388  72 219  91 212   2  2002   0   0   0  67  397
antetokounmpo,t   mil SF 48  475   70  128   2  14  29   46  40  101   22  16  26  12  68   1   171   0   0   0   6 -115
anthony,carmelo   lal SF 69 1800  319  723 149 397 132  159  62  288   68  47  59  52 166   0   919   0   0   0   3  -88
anthony,cole      orl PG 65 2057  357  912 132 391 216  253  32  348  369  45 170  17 171   0  1062   0   0   0  65 -230
anunoby,og        tor SF 48 1728  309  698 115 317  89  118  75  265  125  71  80  25 131   2   822   0   0   0  48  135
arcidiacono,rya   nyk PG 10   76    6   12   4   9   0    0   0    8    4   1   3   0   5   0    16   0   0   0   0  -12
ariza,trevor      lal SF 24  461   33   99  20  74  10   18  10   82   27  12  11   6  20   0    96   0   0   0  11  -56
augustin,d.j.     hou PG 34  510   55  136  39  96  33   38   6   40   74  10  45   0  17   0   182   0   0   0   2 -120
augustin,d.j.     lal PG 21  373   39   86  29  68   5    5   4   27   33   7  11   1  22   0   112   0   0   0   0  -57
augustin,d.j.     tot PG 55  883   94  222  68 164  38   43  10   67  107  17  56   1  39   0   294   0   0   0   2 -177
avdija,deni       was SF 82 1987  250  579  82 259 103  136  52  424  167  59  87  45 190   1   685   0   0   0   8  -63
ayayi,joel        was SG  7   20    1    6   0   1   0    0   1    3    4   0   0   0   0   0     2   0   0   0   0    3
ayton,deandre     pho  C 58 1714  442  697   7  19 106  142 148  592   84  40  91  40 142   3   997   0   0   0  58  344
azubuike,udoka    uta  C 17  195   37   49   0   0   6   11  18   71    0   1  12  11  25   0    80   0   0   0   6    4
bagley,marvin     det PF 18  492  111  200   8  35  32   54  38  123   19  13  18   7  43   0   262   0   0   0   8  -88
bagley,marvin     sac  C 30  656  114  246  15  62  35   47  67  215   17   9  21  11  50   0   278   0   0   0  17  -44
bagley,marvin     tot  C 48 1148  225  446  23  97  67  101 105  338   36  22  39  18  93   0   540   0   0   0  25 -132
ball,lamelo       cha PG 75 2422  538 1254 220 565 212  243 108  501  571 119 245  30 237   5  1508   0   0   0  75   99
ball,lonzo        chi PG 35 1213  162  383 110 260  21   28  35  190  178  64  82  31  85   0   455   0   0   0  35   81
bamba,mo          orl  C 71 1825  296  618 107 281  57   73 148  572   85  37  76 120 182   3   756   0   0   0  69 -373
bane,desmond      mem SG 76 2265  508 1101 228 523 140  155  46  334  208  92 111  29 196   3  1384   0   0   0  76  361
banton,dalano     tor SF 64  697   83  202  13  51  26   44  38  124   99  27  53  10  68   0   205   0   0   0   1   32
barber,cat        atl PG  3   13    0    4   0   0   0    4   1    3    3   0   1   0   1   0     0   0   0   0   0   11
barnes,harrison   sac SF 77 2589  391  833 142 360 341  413  82  432  186  52 119  14  94   0  1265   0   0   0  77 -374
barnes,scottie    tor SF 74 2617  459  932  58 193 158  215 195  557  256  79 137  55 192   1  1134   0   0   0  74   66
barrett,rj        nyk SF 70 2419  487 1194 138 404 290  406  66  408  208  43 151  16 142   0  1402   0   0   0  70 -146
barton,will       den SF 71 2277  392  896 157 430 102  127  45  341  275  55 127  31 114   0  1043   0   0   0  71   98
bass,paris        pho PF  2    7    2    6   0   2   2    2   2    4    0   1   2   0   2   0     6   0   0   0   0    2
bassey,charles    phi  C 23  167   30   47   0   4   9   12  22   62    7   5   8  17  32   1    69   0   0   0   0  -34
bates-diop,keit   san SF 59  959  136  263  17  55  46   61  62  231   41  26  45  14  61   0   335   0   0   0  14    4
batum,nicolas     lac SF 59 1465  179  387 108 270  25   38  29  253  100  59  40  42  80   0   491   0   0   0  54 -128
bazemore,kent     lal SF 39  545   45  139  29  80  13   17  12   68   34  24  21   8  70   0   132   0   0   0  14 -118
bazley,darius     okl SF 69 1928  274  647  80 269 117  170  71  435   97  58  91  70  68   0   745   0   0   0  53 -472
beal,bradley      was SG 40 1440  348  771  63 210 169  203  38  189  265  36 135  15  95   1   928   0   0   0  40 -102
beasley,malik     min SG 79 1973  332  850 240 637  49   60  26  226  116  43  43  12  88   0   953   0   0   0  18   82
bell,jordan       chi PF  1    2    0    0   0   0   0    0   1    1    0   1   0   0   2   0     0   0   0   0   0    1
bembry,deandre'   bro SF 48  951  121  214  15  36  21   35  39  153   60  46  30  25 104   0   278   0   0   0  20  -17
bembry,deandre'   mil SF  8   78    3    8   0   0   0    0   4   11    6   2   1   0   9   0     6   0   0   0   0  -10
bembry,deandre'   tot SF 56 1029  124  222  15  36  21   35  43  164   66  48  31  25 113   0   284   0   0   0  20  -27
bertans,davis     dal PF 22  304   39  104  31  86   8   10   6   55   15   6   5   6  30   1   117   0   0   0   0   63
bertans,davis     was PF 34  502   60  171  46 144  28   30   6   61   16  11  14   6  55   0   194   0   0   0   0  -33
bertans,davis     tot PF 56  806   99  275  77 230  36   40  12  116   31  17  19  12  85   1   311   0   0   0   0   30
beverley,patric   min PG 58 1474  177  436  83 242  96  133  62  239  268  67  73  52 174   2   533   0   0   0  54  112
bey,saddiq        det SF 82 2704  450 1136 211 610 210  254 107  441  233  73  96  16 128   0  1321   0   0   0  82 -499
birch,khem        tor PF 55  991   97  200   0  14  53   71 122  239   56  30  30  26 104   0   247   0   0   0  28   21
bitadze,goga      ind  C 50  730  131  252  23  80  64   94  80  178   55  22  46  42 107   0   349   0   0   0  16  -32
biyombo,bismack   pho  C 36  507   86  145   0   0  38   71  63  167   23  12  25  27  70   0   210   0   0   0   3   52
bjelica,nemanja   gsw PF 71 1139  160  342  54 149  59   81  63  294  159  41  87  25 128   0   433   0   0   0   0  133
bledsoe,eric      lac PG 54 1361  197  467  51 163  87  115  28  181  225  70 117  19  85   0   532   0   0   0  29  -40
blevins,keljin    por PG 31  350   34  111  21  72   6   11  16   45   20  13  17   1  29   0    95   0   0   0   1 -208
bogdanovic,bogd   atl SF 63 1850  342  794 169 459  97  115  29  250  194  67  70  14 132   1   950   0   0   0  27  192
bogdanovic,boja   uta SF 69 2132  422  929 181 468 223  260  58  296  120  34 117   1 116   0  1248   0   0   0  69  219
bol,bol           den  C 14   81   15   27   1   4   2    5   4   20    5   1   4   2   4   0    33   0   0   0   0    5
bolmaro,leandro   min SF 35  242   17   54   5  18  11   13  16   43   21   6  13   0  26   0    50   0   0   0   2    3
bonga,isaac       tor SF 15   68    3   13   1   4   5    8   4    7    4   8   2   2  10   0    12   0   0   0   0  -32
booker,devin      pho SG 68 2343  662 1421 183 478 315  363  45  342  329  77 162  26 180   2  1822   0   0   0  68  469
boston,brandon    lac SG 51  761  125  325  34 111  59   72  17  112   51  26  31  13  43   0   343   0   0   0   0  -37
boucher,chris     tor  C 80 1694  268  575  68 229 150  193 178  492   25  47  43  75 174   0   754   0   0   0   9  189
bouknight,james   cha PG 31  305   49  141  17  49  27   31  22   52   26   7  15   1  29   0   142   0   0   0   0  -50
bradley,avery     lal PG 62 1413  148  350  82 210  16   18  31  136   47  53  38   9 118   1   394   0   0   0  45 -181
bradley,tony      chi  C 55  551   72  123   0   0  19   29  66  185   27  11  34  33  62   0   163   0   0   0   7   70
brazdeikis,igna   orl SF 42  532   81  188  27  87  21   32  23   72   37  10  17   3  48   0   210   0   0   0   1 -173
bridges,mikal     pho PF 82 2855  458  857 115 311 131  157  74  347  184  96  68  36 150   0  1162   0   0   0  82  576
bridges,miles     cha SF 80 2835  595 1212 154 464 267  333  89  559  300  74 150  67 193   0  1611   0   0   0  80  142
brissett,oshae    ind SF 67 1564  208  506  83 237 114  164 108  358   72  43  54  29 116   0   613   0   0   0  25 -220
brogdon,malcolm   ind PG 36 1204  243  543  58 186 143  167  33  185  212  31  77  14  71   0   687   0   0   0  36    0
brooks,armoni     hou PG 41  691   87  251  64 213  16   19  12   81   49  23  23   7  60   0   254   0   0   0   8  -69
brooks,armoni     tor SG 13  156   11   38  10  36   2    2   8   22   13   7   4   3  14   0    34   0   0   0   3  -11
brooks,armoni     tot SG 54  847   98  289  74 249  18   21  20  103   62  30  27  10  74   0   288   0   0   0  11  -80
brooks,dillon     mem SF 32  886  227  526  46 149  90  106  29  102   88  36  50   8 105   0   590   0   0   0  31  206
brown,bruce       bro SG 72 1780  256  506  38  94  97  128 100  345  148  77  57  53 176   1   647   0   0   0  45  -47
brown,charles     dal SG  3   16    1    5   0   3   0    0   0    1    1   2   0   1   2   0     2   0   0   0   0  -30
brown,charles     phi SG 19  164    9   34   1   9   9   10  14   31    5   8   5   3  16   0    28   0   0   0   2    9
brown,charles     tot SG 22  180   10   39   1  12   9   10  14   32    6  10   5   4  18   0    30   0   0   0   2  -21
brown,chaundee    atl SG  3   83    9   25   6  15   5    6   1   14    4   2   0   0   7   0    29   0   0   0   2  -19
brown,chaundee    lal SF  2   20    1    7   0   3   0    0   0    2    0   0   1   0   0   0     2   0   0   0   0   -1
brown,chaundee    tot SF  5  103   10   32   6  18   5    6   1   16    4   2   1   0   7   0    31   0   0   0   2  -20
brown,greg        por PF 48  638   81  189  19  61  44   65  39  136   35  25  36  24  90   1   225   0   0   0   6 -241
brown,jaylen      bos SG 66 2220  576 1217 166 464 241  318  53  404  231  70 178  18 163   0  1559   0   0   0  66  453
brown,moses       cle  C 14  175   37   58   0   0  16   29  23   74    0   4   6   8  25   0    90   0   0   0   5  -51
brown,moses       dal  C 26  172   27   50   0   0  27   43  16   61    1   3  14   9  28   0    81   0   0   0   1    2
brown,moses       tot  C 40  347   64  108   0   0  43   72  39  135    1   7  20  17  53   0   171   0   0   0   6  -49
brown,sterling    dal SF 49  630   59  155  28  92  14   15  26  149   34  14  23   6  56   0   160   0   0   0   3   32
brown,troy        chi SG 66 1055  108  258  47 133  20   26  39  203   66  35  26   5  62   0   283   0   0   0   7  -44
brunson,jalen     dal SG 79 2523  506 1008  94 252 179  213  41  308  377  65 124   3 151   0  1285   0   0   0  61  231
bryant,thomas     was  C 27  442   77  148  12  42  35   40  26  108   23   6  19  21  43   0   201   0   0   0   9  -75
buchanan,shaq     mem SG  2   10    1    4   0   2   0    0   1    2    2   1   2   0   1   0     2   0   0   0   0   -2
bullock,reggie    dal SF 68 1901  201  501 141 392  40   48  32  241   83  41  39  14 111   0   583   0   0   0  37  270
burke,trey        dal PG 42  443   84  215  26  82  20   23   4   33   57  12  26   0  39   0   214   0   0   0   0  -10
burks,alec        nyk SG 81 2320  285  728 157 389 217  264  47  397  239  85  90  26 215   1   944   0   0   0  44  125
butler,jared      uta SG 42  360   61  151  28  88  11   16   5   45   63  17  33   8  47   0   161   0   0   0   1  -11
butler,jimmy      mia SF 57 1930  398  830  27 116 396  455 103  337  311  94 121  27  88   0  1219   0   0   0  57  245
cacok,devontae    san  C 15  121   21   31   0   0   4    7   8   42    6   8   3   7  16   0    46   0   0   0   0   -1
caldwell-pope,k   was SG 77 2329  361  830 159 408 137  154  41  260  145  83  97  26 139   0  1018   0   0   0  77 -229
campazzo,facund   den PG 65 1187  107  296  58 193  60   78  23  117  220  63  67  23 124   0   332   0   0   0   4 -211
cancar,vlatko     den SF 15  176   23   41   7  12   9   14   8   31   17   2   9   3  18   0    62   0   0   0   1    4
cannady,devin     orl PG  5  144   15   44  15  37   5    7   1    6   10   5   5   3   9   0    50   0   0   0   0  -11
capela,clint      atl  C 74 2043  370  603   0   1  80  169 277  875   92  55  44  93 166   0   820   0   0   0  73  126
carey,vernon      cha  C  4   17    3    6   0   0   2    3   3    5    0   1   1   0   1   0     8   0   0   0   1  -23
carey,vernon      was  C  3   27    4    7   0   0   4   10   5    7    0   1   2   1   3   0    12   0   0   0   0  -21
carey,vernon      tot  C  7   44    7   13   0   0   6   13   8   12    0   2   3   1   4   0    20   0   0   0   1  -44
carter,jevon      bro PG 46  550   58  174  42 127   7   10   9   67   46  14  26  10  45   0   165   0   0   0   1  -30
carter,jevon      mil PG 20  354   40   79  24  43   8    8   5   43   50  10   8   4  22   0   112   0   0   0   2  -23
carter,jevon      tot PG 66  904   98  253  66 170  15   18  14  110   96  24  34  14  67   0   277   0   0   0   3  -53
carter,wendell    orl  C 62 1854  359  683  70 214 143  207 139  647  171  37 118  43 169   3   931   0   0   0  61 -134
caruso,alex       chi SG 41 1147  102  257  42 127  58   73  33  147  165  71  57  15 106   2   304   0   0   0  18  110
cauley-stein,wi   dal  C 18  178   16   35   1   2   1    2  13   38    9   6   7   3  17   0    34   0   0   0   2   21
cauley-stein,wi   phi  C  2    5    0    0   0   0   0    0   0    2    1   0   0   0   2   0     0   0   0   0   0    3
cauley-stein,wi   tot  C 20  183   16   35   1   2   1    2  13   40   10   6   7   3  19   0    34   0   0   0   2   24
caver,ahmad       ind PG  1    1    1    1   0   0   0    0   0    0    0   0   0   0   0   0     2   0   0   0   0    2
champagnie,just   tor SF 36  280   31   67  10  28   9    9  37   72   11   7   8   4  32   0    81   0   0   0   0   52
cheatham,zylan    uta SF  1    5    0    3   0   2   0    0   0    0    0   0   0   0   0   0     0   0   0   0   0  -13
chiozza,chris     gsw PG 34  370   24   80  17  53   2    3   9   36   65  13  32   0  32   0    67   0   0   0   1  -49
chriss,marquese   dal SF 34  345   62  134   8  25  22   33  33  103   17  13  17  12  64   1   154   0   0   0   0  -10
christopher,jos   hou SG 74 1333  224  500  56 189  83  113  51  185  150  67 114  13  97   0   587   0   0   0   2 -272
clark,gary        nor SF 38  380   33   88  28  69   7   10  23   90   18  13  10   7  20   0   101   0   0   0   1  -18
clarke,brandon    mem SF 64 1251  288  447   5  22  85  130 135  342   86  38  34  67 122   0   666   0   0   0   1  176
clarkson,jordan   uta PG 79 2145  466 1113 190 597 144  174  67  273  194  65 128  16 149   0  1266   0   0   0   1  383
claxton,nicolas   bro  C 47  971  178  264   0   0  54   93  91  264   43  25  38  52 110   0   410   0   0   0  19  -29
coffey,amir       lac SF 69 1571  211  466  96 254 101  117  26  197  124  39  45  15  87   0   619   0   0   0  30  -47
collins,john      atl PF 54 1667  339  643  64 176 134  169  93  422   98  33  61  56 164   2   876   0   0   0  53   36
collins,zach      san PF 28  501   76  155  14  41  52   65  46  153   61  14  45  22  67   0   218   0   0   0   4   38
collison,darren   lal PG  3   37    2    7   0   3   0    0   0    4    2   1   1   0   5   0     4   0   0   0   0  -14
conley,mike       uta PG 72 2054  344  791 169 414 129  162  47  217  385  96 123  21 142   0   986   0   0   0  72  347
connaughton,pat   mil SG 65 1691  227  496 146 370  45   54  46  274   82  58  35  15  86   0   645   0   0   0  19  -26
cook,tyler        chi PF 20  200   23   38   0   0  21   32  16   53    3   4   7   4  28   0    67   0   0   0   2  -27
cooper,sharife    atl PG 13   40    3   14   1   6   0    0   0    5    5   0   5   0   1   0     7   0   0   0   0  -35
cornelie,petr     den PF 13   38    5   15   1   8   3    4   7   14    3   1   4   1   7   0    14   0   0   0   0    8
cousins,demarcu   den  C 31  432   94  206  24  74  64   87  50  172   53  19  69  13  93   0   276   0   0   0   2  -11
cousins,demarcu   mil  C 17  286   55  118  13  48  31   38  24   98   18  16  16   8  46   0   154   0   0   0   5   50
cousins,demarcu   tot  C 48  718  149  324  37 122  95  125  74  270   71  35  85  21 139   0   430   0   0   0   7   39
covington,rober   lac PF 23  507   81  162  49 109  28   33  18  117   24  28  17  28  58   0   239   0   0   0   2   89
covington,rober   por PF 48 1430  128  337  79 230  30   36  41  274   68  75  58  63 132   0   365   0   0   0  40  -51
covington,rober   tot PF 71 1937  209  499 128 339  58   69  59  391   92 103  75  91 190   0   604   0   0   0  42   38
craig,torrey      ind SF 51 1035  128  280  46 137  27   35  58  194   58  24  39  19  95   0   329   0   0   0  14 -198
craig,torrey      pho SF 27  563   72  160  31  96  12   17  27  115   33  22  28  17  56   1   187   0   0   0   2   14
craig,torrey      tot SF 78 1598  200  440  77 233  39   52  85  309   91  46  67  36 151   1   516   0   0   0  16 -184
crowder,jae       pho SF 67 1891  217  544 127 365  71   90  30  354  124  96  55  30 173   0   632   0   0   0  67  395
culver,jarrett    mem SG 37  336   51  135  12  47  16   34  13   48   33  20  20   5  42   0   130   0   0   0   0  -18
cumberland,jarr   por SG  3   12    1    2   0   1   0    0   1    3    1   0   0   0   2   0     2   0   0   0   0    9
cunningham,cade   det SG 64 2085  429 1031 114 363 142  168  58  354  355  79 234  43 200   2  1114   0   0   0  64 -275
curry,seth        bro SG 19  567  104  211  58 124  18   21   4   49   49  18  25   3  47   0   284   0   0   0  19   79
curry,seth        phi SG 45 1567  256  528 100 250  64   73  17  151  181  35  84  11 101   0   676   0   0   0  45  114
curry,seth        tot SG 64 2134  360  739 158 374  82   94  21  200  230  53 109  14 148   0   960   0   0   0  64  193
curry,stephen     gsw PG 64 2211  535 1223 285 748 275  298  34  335  404  85 207  23 130   1  1630   0   0   0  64  507
davis,anthony     lal PF 40 1408  370  695  13  70 174  244 106  394  122  50  82  90  97   0   927   0   0   0  40  -92
davis,ed          cle  C 31  201   11   16   0   0   6   14  14   64    7   3   5   9  33   0    28   0   0   0   3   18
davis,terence     sac SG 30  539  113  267  49 149  36   44  11   94   40  26  33  10  70   1   311   0   0   0  11   60
deck,gabriel      okl SF  7   55    8   14   2   4   2    2   1    6    5   1   2   0   2   0    20   0   0   0   0  -14
dedmon,dewayne    mia  C 67 1065  164  290  19  47  75  100 105  385   47  24  70  42 174   2   422   0   0   0  15   48
dekker,sam        tor SF  1    1    0    0   0   0   0    0   0    0    0   0   0   0   0   0     0   0   0   0   0   -5
delaurier,javin   mil  C  1    3    0    0   0   0   0    0   0    1    0   1   0   0   1   0     0   0   0   0   0    4
derozan,demar     chi SF 76 2746  774 1535  50 142 520  593  57  392  374  68 180  24 178   1  2118   0   0   0  76   77
diakite,mamadi    okl SF 13  189   25   47   0   5   6   11  17   58    2   5   6   9  33   0    56   0   0   0   3  -14
diallo,cheick     det  C  3   31    3    8   0   0   5    6   4   12    0   1   1   0   6   1    11   0   0   0   0  -33
diallo,hamidou    det SG 58 1265  261  526  23  93  91  140  69  277   73  71  58  18 143   1   636   0   0   0  29 -209
dieng,gorgui      atl  C 44  374   53  112  29  68  19   26  32  121   34  11  20  12  52   0   154   0   0   0   3  -63
dinwiddie,spenc   dal PG 23  649  121  243  42 104  79  109   9   73   90  17  31   6  43   0   363   0   0   0   7   57
dinwiddie,spenc   was SG 44 1328  185  491  70 225 116  143  36  207  256  28  73   7 107   0   556   0   0   0  44 -104
dinwiddie,spenc   tot SG 67 1977  306  734 112 329 195  252  45  280  346  45 104  13 150   0   919   0   0   0  51  -47
divincenzo,dont   mil SG 17  343   39  118  21  74  23   27  18   60   29  11  28   3  26   0   122   0   0   0   0  -33
divincenzo,dont   sac SG 25  666   79  218  53 144  47   56  22  110   89  37  44   5  43   0   258   0   0   0   1  -42
divincenzo,dont   tot SG 42 1009  118  336  74 218  70   83  40  170  118  48  72   8  69   0   380   0   0   0   1  -75
doncic,luka       dal PG 65 2301  641 1403 201 569 364  489  56  593  568  75 291  36 145   0  1847   0   0   0  65  146
dort,luguentz     okl SG 51 1667  293  726 130 391 161  191  38  212   88  47  88  18 149   1   877   0   0   0  51 -295
dosunmu,ayo       chi PG 77 2110  278  535  70 186  53   78  27  214  256  62 108  29 182   2   679   0   0   0  40 -199
dotson,damyean    nyk SG  2   20    2    4   0   1   0    0   0    2    1   0   0   0   0   0     4   0   0   0   0    3
dotson,devon      chi SG 11   85   11   23   2   9   5    9   1    9   15   1   5   0  11   0    29   0   0   0   0   -2
doumbouya,sekou   lal PF  2   16    5    8   1   2   3    4   2    6    0   3   2   2   1   0    14   0   0   0   0   24
dowtin,jeff       gsw PG  4   29    3    6   0   1   0    0   1    7    3   0   1   1   2   0     6   0   0   0   0   17
dowtin,jeff       mil PG  1    3    0    1   0   1   0    0   0    0    0   0   0   0   0   0     0   0   0   0   0   -4
dowtin,jeff       orl PG  4   78    5   19   1   7   2    2   7   11    7   5   4   0   3   0    13   0   0   0   0  -39
dowtin,jeff       tot PG  9  110    8   26   1   9   2    2   8   18   10   5   5   1   5   0    19   0   0   0   0  -26
dozier,pj         den SG 18  342   36   99  15  48  10   13  14   63   29  11  13   6  33   0    97   0   0   0   0  -90
dragic,goran      bro PG 16  407   44  117  12  49  17   23  11   51   77  14  33   3  37   0   117   0   0   0   6   28
dragic,goran      tor SG  5   90   13   34   4  14  10   10   3   15    9   4   1   1   8   0    40   0   0   0   2  -22
dragic,goran      tot SG 21  497   57  151  16  63  27   33  14   66   86  18  34   4  45   0   157   0   0   0   8    6
drummond,andre    bro  C 24  537  119  195   0   1  44   82  93  248   34  22  36  24  71   0   282   0   0   0  24   53
drummond,andre    phi  C 49  901  128  238   0   2  42   82 136  433   97  58  78  45 121   1   298   0   0   0  12  -14
drummond,andre    tot  C 73 1438  247  433   0   3  86  164 229  681  131  80 114  69 192   1   580   0   0   0  36   39
duarte,chris      ind SG 55 1542  268  621  94 255  90  112  42  227  114  56  90  10  95   0   720   0   0   0  39  -53
duke,david        bro SG 22  340   39  108   9  37  17   21  30   67   17  14   9   5  36   0   104   0   0   0   7  -10
dunn,kris         por PG 14  338   44  102   1  11  17   18   9   49   79  23  32   3  38   1   106   0   0   0   3  -92
durant,kevin      bro SF 55 2047  578 1114 115 300 372  409  29  407  351  48 191  52 113   0  1643   0   0   0  55  269
echenique,jaime   was  C  1    3    0    0   0   0   0    0   0    0    0   0   0   0   0   0     0   0   0   0   0   -1
edwards,anthony   min SF 72 2466  549 1244 215 602 220  280  60  343  275 104 190  46 164   1  1533   0   0   0  72  188
edwards,carsen    det PG  4   80    9   30   4  16   1    1   2    6   14   2   5   0   4   0    23   0   0   0   0  -12
edwards,kessler   bro SF 48  990  110  267  48 136  16   19  44  172   31  29  42  24  85   0   284   0   0   0  23  -60
edwards,rob       okl SG  2   11    1    4   1   4   0    0   0    3    0   0   1   0   0   0     3   0   0   0   0  -14
elleby,cj         por SF 58 1172  121  308  37 126  60   84  66  227   87  35  56  19 116   0   339   0   0   0  28 -348
ellington,wayne   lal SG 43  816   98  237  82 211   9   11  10   77   30  23  19   5  42   0   287   0   0   0   9  -59
embiid,joel       phi  C 68 2297  666 1334  93 251 654  803 146  795  284  76 214 100 181   0  2079   0   0   0  68  368
ennis,james       bro SF  2   13    2    7   1   2   0    0   2    5    0   1   0   1   0   0     5   0   0   0   0    9
ennis,james       den SF  3   14    2    6   0   2   0    1   1    2    3   0   1   0   1   0     4   0   0   0   0   -8
ennis,james       lac SF  2   28    7   11   2   4   4    4   2    5    0   1   1   1   4   0    20   0   0   0   0   -1
ennis,james       tot SF  7   55   11   24   3   8   4    5   5   12    3   2   2   2   5   0    29   0   0   0   0    0
eubanks,drew      por PF 22  652  137  212   4  15  40   51  66  186   35  18  35  10  61   1   318   0   0   0  22 -252
eubanks,drew      san  C 49  595   85  160   1   8  59   79  64  196   50  13  46  30  61   1   230   0   0   0   9  -74
eubanks,drew      tot  C 71 1247  222  372   5  23  99  130 130  382   85  31  81  40 122   2   548   0   0   0  31 -326
fall,tacko        cle  C 11   59    5   12   0   0   2    7   7   23    2   0   3   6   3   0    12   0   0   0   1    5
favors,derrick    okl  C 39  655   94  182   2  16  16   25  57  183   25  17   9  13  62   0   206   0   0   0  18 -143
fernando,bruno    bos  C 20   61    7   14   1   1   4    5   7   15    4   0   5   3   6   0    19   0   0   0   0  -33
fernando,bruno    hou  C 10   93   29   41   0   1  11   19  11   40    3   1   9   8  18   0    69   0   0   0   0    0
fernando,bruno    tot  C 30  154   36   55   1   2  15   24  18   55    7   1  14  11  24   0    88   0   0   0   0  -33
finney-smith,do   dal SF 80 2644  326  692 172 435  56   83 122  375  150  88  80  40 183   1   880   0   0   0  80  241
fitts,malik       bos SF  8   29    6   10   3   6   0    0   2    7    5   0   0   0   1   0    15   0   0   0   0   10
fitts,malik       uta SF  7   34    2    9   2   4   0    0   0   10    0   0   2   0   3   0     6   0   0   0   0  -29
fitts,malik       tot SF 15   63    8   19   5  10   0    0   2   17    5   0   2   0   4   0    21   0   0   0   0  -19
flynn,malachi     tor PG 44  540   72  183  30  90  15   24  10   62   70  21  13   3  45   0   189   0   0   0   5  -26
forbes,bryn       den SG 35  611  103  243  59 144  35   38   6   30   34   8  23   2  53   0   300   0   0   0   1   65
forbes,bryn       san SG 40  673  128  295  63 151  44   49   4   63   42  18  33   2  42   0   363   0   0   0   1  -40
forbes,bryn       tot SG 75 1284  231  538 122 295  79   87  10   93   76  26  56   4  95   0   663   0   0   0   2   25
ford,aleem        orl SF  5   75    6   20   2  15   0    0   2   15    2   1   4   0   7   0    14   0   0   0   0  -35
forrest,trent     uta SG 60  766   76  155   5  27  38   48  23   99  106  30  48   6  43   0   195   0   0   0   6   78
fournier,evan     nyk SG 80 2360  402  965 241 619  80  113  34  209  171  78 105  21 180   1  1125   0   0   0  80  -93
fox,de'aaron      sac PG 59 2080  516 1092  74 249 261  348  25  231  329  68 168  25 172   1  1367   0   0   0  59 -193
frazier,michael   okl SG  3  120   13   48   1  21   5    7   5   13    1   1   3   0   8   0    32   0   0   0   0  -92
frazier,tim       cle PG  2    8    1    2   0   0   0    0   0    0    1   0   2   0   3   0     2   0   0   0   0  -10
frazier,tim       orl PG 10  199   13   43   6  17   5    9   5   19   33   3  13   1  24   0    37   0   0   0   3  -70
frazier,tim       tot PG 12  207   14   45   6  17   5    9   5   19   34   3  15   1  27   0    39   0   0   0   3  -80
fultz,markelle    orl SG 18  360   83  175   4  17  25   31   4   49   99  20  40   5  22   0   195   0   0   0   3  -37
gabriel,wenyen    bro PF  1    1    0    0   0   0   0    0   0    1    0   0   0   0   0   0     0   0   0   0   0    3
gabriel,wenyen    lac PF  6   45    5   13   2   5   2    4   6   15    2   1   3   2  11   0    14   0   0   0   0   -3
gabriel,wenyen    lal PF 19  312   49   97   6  23  23   38  34   82   12   4  13   9  57   0   127   0   0   0   5   44
gabriel,wenyen    tot PF 26  358   54  110   8  28  25   42  40   98   14   5  16  11  68   0   141   0   0   0   5   44
gafford,daniel    was  C 72 1444  285  410   0   1 107  153 155  407   68  30  65  99 170   0   677   0   0   0  53 -210
gallinari,danil   atl PF 66 1673  259  597 112 294 141  156  35  308  101  28  38  12  93   1   771   0   0   0  18  107
galloway,langst   bro SG  4   59    5   13   2   8   0    0   1    8    5   0   5   0   5   0    12   0   0   0   0    9
galloway,langst   mil SG  3   49    1   13   0   8   0    0   2   10    7   1   1   0   2   0     2   0   0   0   0  -21
galloway,langst   tot SG  7  108    6   26   2  16   0    0   3   18   12   1   6   0   7   0    14   0   0   0   0  -12
garland,darius    cle PG 68 2429  542 1173 174 454 215  241  39  224  584  88 248   7 115   2  1473   0   0   0  68  376
garrett,marcus    mia SG 12  127    5   21   1   4   2    5   9   23    7   5   2   3  16   0    13   0   0   0   0   17
garuba,usman      hou PF 24  240   19   44   5  20   5    7  21   83   17  10   6  11  28   0    48   0   0   0   2   33
garza,luka        det  C 32  388   66  147  16  49  38   61  58  100   20   9  18   6  55   1   186   0   0   0   5  -63
gay,rudy          uta SF 55 1037  157  379  70 203  62   79  55  242   56  25  47  20  95   0   446   0   0   0   1  183
george,paul       lac SF 31 1080  268  637  91 257 129  150  12  214  176  66 125  13  74   0   756   0   0   0  31   92
gibson,taj        nyk  C 52  949   86  166  15  38  42   52  88  229   32  22  27  40 137   4   229   0   0   0   4   43
giddey,josh       okl SG 54 1708  281  670  56 213  56   79  98  421  345  51 172  20  88   1   674   0   0   0  54 -299
gilgeous-alexan   okl PG 56 1944  477 1051  89 297 328  405  37  278  331  71 154  45 142   0  1371   0   0   0  56 -263
gill,anthony      was SF 44  463   62  109  14  26  42   52  33   85   27   5  18  11  58   0   180   0   0   0   0   60
gillespie,fredd   orl PF  9  120    9   22   0   1   3    7  13   36    5   3   6   9  18   0    21   0   0   0   2  -29
gobert,rudy       uta  C 66 2119  362  508   0   4 303  439 241  968   72  45 119 138 176   0  1027   0   0   0  66  417
goodwin,brandon   cle PG 36  501   64  154  19  55  24   38  14   67   91  25  37   1  39   0   171   0   0   0   5  -53
goodwin,jordan    was PG  2    6    0    3   0   1   0    0   0    1    0   0   0   0   1   0     0   0   0   0   0   -8
gordon,aaron      den SF 75 2372  434  834  87 260 171  230 124  438  188  44 133  44 148   1  1126   0   0   0  75  321
gordon,eric       hou SG 57 1669  268  564 124 301 105  135  15  112  154  28 107  18  63   0   765   0   0   0  46 -176
graham,devonte'   nor PG 76 2164  296  815 192 563 118  140  37  177  316  70 105  10  95   0   902   0   0   0  63   40
grant,jerami      det PF 47 1499  298  699  91 254 217  259  28  191  111  44  85  49 107   0   904   0   0   0  47 -219
gravett,hassani   orl PG  8  172   18   38  11  26   3    4   1   21   20   5   9   1  13   0    50   0   0   0   3   -2
green,danny       phi SG 62 1359  126  320 103 271  11   14  32  157   64  58  45  36 105   0   366   0   0   0  28   80
green,draymond    gsw PF 46 1329  135  257  16  54  60   91  45  336  320  64 139  49 136   1   346   0   0   0  44  190
green,jalen       hou SG 67 2142  406  954 157 458 188  236  33  227  176  43 135  18 103   0  1157   0   0   0  67 -519
green,jamychal    den PF 67 1087  159  328  33 124  81   93  82  282   59  43  57  26 158   0   432   0   0   0   8  -88
green,javonte     chi PG 65 1520  176  325  36 101  80   96  91  276   60  65  30  33 132   0   468   0   0   0  45   20
green,jeff        den SF 75 1850  277  529  53 168 165  198  42  232   96  29  71  28 151   2   772   0   0   0  63   59
green,josh        dal SF 67 1038  130  256  28  78  31   45  53  162   79  45  44  14 115   0   319   0   0   0   3   70
griffin,blake     bro  C 56  960  133  312  38 145  55   76  60  228  105  28  31  14  95   2   359   0   0   0  24  -94
grimes,quentin    nyk SG 46  791   95  235  72 189  13   19  24   94   44  30  27  11  72   0   275   0   0   0   6  -54
guy,kyle          mia PG 19  185   26   65  14  40   8   12   4   17   17   7  13   1  12   0    74   0   0   0   0  -48
hachimura,rui     was SF 42  945  187  381  55 123  46   66  25  160   48  23  33   9  53   0   475   0   0   0  13 -127
haliburton,tyre   ind SG 26  940  162  321  57 137  73   86  22  111  249  48  86  15  50   1   454   0   0   0  26 -101
haliburton,tyre   sac SG 51 1756  268  586 104 252  87  104  38  198  379  86 115  34  71   0   727   0   0   0  51 -226
haliburton,tyre   tot SG 77 2696  430  907 161 389 160  190  60  309  628 134 201  49 121   1  1181   0   0   0  77 -327
hall,tyler        nyk PG  1    2    0    0   0   0   0    0   0    0    0   0   0   0   0   0     0   0   0   0   0   -5
hampton,r.j.      orl PG 64 1403  175  457  64 183  75  117  23  194  158  42  87  13 101   0   489   0   0   0  14 -416
hardaway,tim      dal SF 42 1245  209  530 102 304  78  103  13  156   92  37  34   6  74   0   598   0   0   0  20   36
harden,james      bro SG 44 1626  292  706 102 307 304  350  42  351  447  55 212  31 105   0   990   0   0   0  44   23
harden,james      phi PG 21  793  115  286  46 141 166  186  13  149  220  27  72   5  48   0   442   0   0   0  21  150
harden,james      tot PG 65 2419  407  992 148 448 470  536  55  500  667  82 284  36 153   0  1432   0   0   0  65  173
harkless,moe      sac SF 47  861   83  181  31 101  20   28  12  112   23  29  31  24  77   0   217   0   0   0  24  -90
harper,jared      nor PG  5   43   14   26   5  12   4    4   2    2   14   4   2   1   5   0    37   0   0   0   0    7
harrell,montrez   cha  C 25  523  111  173   0   2  63   91  52  121   49  11  22  12  49   0   285   0   0   0   0   44
harrell,montrez   was  C 46 1115  247  383   4  15 151  207  96  310   96  18  50  30  87   1   649   0   0   0   3   41
harrell,montrez   tot  C 71 1638  358  556   4  17 214  298 148  431  145  29  72  42 136   1   934   0   0   0   3   85
harris,gary       orl SG 61 1733  240  553 116 302  83   95  36  122  108  59  60   9 112   2   679   0   0   0  30 -209
harris,joe        bro SF 14  418   56  124  41  88   5    6   5   56   14   8  16   2  31   0   158   0   0   0  14   18
harris,tobias     phi SF 73 2543  493 1022 101 275 170  202  77  496  251  47 115  43 164   2  1257   0   0   0  73  171
harrison,shaqui   bro PG  2   22    2    6   0   2   0    0   1    4    3   1   2   1   3   0     4   0   0   0   0   -4
hart,josh         nor PG 41 1374  195  386  42 130 116  154  53  318  168  45  81  11 118   1   548   0   0   0  40 -113
hart,josh         por PG 13  417   92  183  31  83  44   57   9   70   56  16  33   2  32   0   259   0   0   0  13  -85
hart,josh         tot PG 54 1791  287  569  73 213 160  211  62  388  224  61 114  13 150   1   807   0   0   0  53 -198
hartenstein,isa   lac PF 68 1219  229  366  14  30  91  132 118  332  160  50  83  77 167   2   563   0   0   0   0  169
haslem,udonis     mia PF 13   83   14   31   1   4   3    3   4   25    4   1   5   1  15   0    32   0   0   0   0  -15
hauser,sam        bos PF 26  161   23   50  19  44   0    0   5   29   10   1   2   2   7   0    65   0   0   0   0    1
hayes,jaxson      nor  C 70 1397  245  399  20  58 144  188 115  315   43  34  54  55 155   1   654   0   0   0  28   22
hayes,killian     det PG 66 1650  176  459  44 167  57   74  36  210  277  78 111  35 183   3   453   0   0   0  40 -367
hayward,gordon    cha SF 49 1564  283  617  86 220 126  149  38  224  177  47  81  22  85   0   778   0   0   0  48  -20
henry,aaron       phi SF  6   18    1    5   0   1   0    0   0    1    0   0   2   2   2   0     2   0   0   0   0  -20
hernangomez,gui   nor  C 50  843  170  326   4  12 109  141 143  337   63  21  51  19  97   0   453   0   0   0   8  -45
hernangomez,jua   bos PF 18   99    5   27   3  18   6    9   9   25    3   4   6   2   7   0    19   0   0   0   0  -38
hernangomez,jua   san PF  5   51    2    6   0   3   3    4   4   15    3   1   2   1   0   0     7   0   0   0   0   -2
hernangomez,jua   uta PF 17  298   37   73  21  48  10   21  15   60   14   9   8   7  18   0   105   0   0   0   9   35
hernangomez,jua   tot PF 40  448   44  106  24  69  19   34  28  100   20  14  16  10  25   0   131   0   0   0   9   -5
herro,tyler       mia PG 66 2154  501 1122 175 439 190  219  32  331  263  44 174   8  95   0  1367   0   0   0  10  240
hield,buddy       ind SG 26  924  181  405  80 221  31   35  23  132  124  24  63  10  71   0   473   0   0   0  26  -17
hield,buddy       sac SG 55 1572  265  692 182 495  80   92  43  221  105  48  90  15 113   0   792   0   0   0   6 -147
hield,buddy       tot SG 81 2496  446 1097 262 716 111  127  66  353  229  72 153  25 184   0  1265   0   0   0  32 -164
highsmith,haywo   mia SF 19  163   16   46   9  28   2    5  10   26    6   2   3   3  13   0    43   0   0   0   1  -37
hill,george       mil SG 54 1251  118  275  41 134  57   62  38  155  120  42  41   6  70   0   334   0   0   0  17  313
hill,malcolm      chi PF 16  168   19   44  10  31   7   10   9   29    7   3   3   2  17   0    55   0   0   0   0  -41
hill,malcom       atl SG  3   46    5    8   3   5   4    4   2    6    1   4   0   1   7   0    17   0   0   0   0   10
hill,solomon      atl SF 13  139    3   20   2  13   0    0   7   24   12   4   1   2  16   0     8   0   0   0   1   41
hinton,nate       ind SG  2    3    0    1   0   0   0    0   0    0    0   0   1   0   0   0     0   0   0   0   0    4
hoard,jaylen      okl PF  7  240   44   90   9  25   6   14  30   84   17   6   8   5  14   0   103   0   0   0   5  -87
holiday,aaron     pho PG 22  356   51  124  16  36  31   33  15   55   75  18  27   0  32   1   149   0   0   0   1   47
holiday,aaron     was PG 41  662  100  214  23  67  28   35   9   67   78  24  39   9  60   0   251   0   0   0  14  -86
holiday,aaron     tot PG 63 1018  151  338  39 103  59   68  24  122  153  42  66   9  92   1   400   0   0   0  15  -39
holiday,jrue      mil SG 67 2207  478  954 132 321 137  180  70  302  457 107 183  29 133   0  1225   0   0   0  64  426
holiday,justin    ind SG 49 1414  190  458 127 336  34   41  18  135   90  36  49  18 105   2   541   0   0   0  40  -96
holiday,justin    sac SG 25  640   71  204  50 146  16   21  11   55   38  21  21  15  49   0   208   0   0   0  25 -110
holiday,justin    tot SG 74 2054  261  662 177 482  50   62  29  190  128  57  70  33 154   2   749   0   0   0  65 -206
holmes,richaun    sac  C 45 1077  198  301   2   5  70   90  94  318   48  17  56  42 128   1   468   0   0   0  37 -136
hood,rodney       lac SF 13  129   12   26   6  11   4    5   2   10    8   3   4   2   4   0    34   0   0   0   0   27
hood,rodney       mil SF 39  581   46  131  24  80  13   14  13   67   30  12   7   4  27   0   129   0   0   0   0  -18
hood,rodney       tot SF 52  710   58  157  30  91  17   19  15   77   38  15  11   6  31   0   163   0   0   0   0    9
hopson,scotty     okl SF  1   18    2    4   0   1   0    0   0    1    1   0   2   0   1   0     4   0   0   0   0   -6
horford,al        bos  C 69 2007  266  569  89 265  80   95 107  529  232  49  65  92 130   0   701   0   0   0  69  386
horton-tucker,t   lal SF 60 1513  224  538  49 182 100  125  37  193  159  58  82  29 148   0   597   0   0   0  19  -90
house,danueljr    hou ?? 16  233   25   74  10  34  17   19   4   43   19   5  18   5  16   0    77   0   0   0   1  -20
house,danueljr    nyk SF  1    3    0    1   0   1   0    0   0    0    0   0   0   0   0   0     0   0   0   0   0    0
house,danueljr    uta SF 25  494   55  123  34  82  27   39  14   68   25  16  15  12  35   0   171   0   0   0   6   82
house,danueljr    tot SF 42  730   80  198  44 117  44   58  18  111   44  21  33  17  51   0   248   0   0   0   7   62
howard,dwight     lal  C 60  969  134  219   8  15  96  146 118  356   35  35  47  37 115   1   372   0   0   0  27 -128
howard,markus     den SG 31  178   39  101  28  70  20   23   2   12    7   9   7   0  17   0   126   0   0   0   0  -12
huerter,kevin     atl SG 74 2191  345  760 160 411  42   52  32  254  203  54  91  26 185   2   892   0   0   0  60  168
huff,jay          lal  C  4   20    0    3   0   2   0    0   1    4    1   1   1   1   1   0     0   0   0   0   0   15
hughes,elijah     por SG 22  324   32  108  15  67   4    6   4   41   16  10  10   7  32   0    83   0   0   0   3 -160
hughes,elijah     uta SG 14  112   15   36  10  28   3    3   2   17    6   4   7   1   7   0    43   0   0   0   1  -70
hughes,elijah     tot SG 36  436   47  144  25  95   7    9   6   58   22  14  17   8  39   0   126   0   0   0   4 -230
hunt,feron        nyk PF  2    9    0    2   0   0   0    0   1    1    1   1   1   0   1   0     0   0   0   0   0   -1
hunter,de'andre   atl SF 53 1580  254  575  74 195 127  166  26  176   67  37  69  21 155   0   709   0   0   0  52   28
hutchison,chand   pho SF  6   22    1    2   0   0   2    2   0    5    2   0   4   0   1   0     4   0   0   0   0   15
hyland,bones      den PG 69 1314  230  571 131 358 107  125  14  188  191  41  86  19 153   1   698   0   0   0   4   42
ibaka,serge       lac  C 35  541   94  192  24  62  20   29  40  150   36   7  33  26  56   0   232   0   0   0  10  -40
ibaka,serge       mil  C 19  340   54  104  13  37  12   15  22  100   13   4  10   7  46   1   133   0   0   0   2  -14
ibaka,serge       tot  C 54  881  148  296  37  99  32   44  62  250   49  11  43  33 102   1   365   0   0   0  12  -54
iguodala,andre    gsw SF 31  602   46  121  17  74  15   20  21  101  114  27  28  21  34   0   124   0   0   0   0  114
ingles,joe        uta SF 45 1121  115  285  78 225  17   22  12  132  158  23  46   5  82   0   325   0   0   0  15  186
ingram,brandon    nor SF 55 1868  453  982  74 226 266  322  35  320  307  34 151  25 119   0  1246   0   0   0  55  123
irving,kyrie      bro SG 29 1092  289  616 100 239 118  129  15  126  167  41  73  17  81   0   796   0   0   0  29  121
iwundu,wes        atl SF  3   82    8   18   3   5   3    4   3   13    0   1   1   0   8   0    22   0   0   0   1    0
jackson,frank     det SG 53 1162  194  483  86 279  86  104  19   87   55  27  38   8  89   2   560   0   0   0   7 -185
jackson,isaiah    ind PF 36  541  116  206   5  16  60   88  60  150   10  24  40  52  92   3   297   0   0   0  15  -39
jackson,jaren     mem PF 78 2131  430 1036 128 401 284  345 119  454   86  70 130 178 272   3  1272   0   0   0  78  361
jackson,josh      det SF 39  705  103  251  30 113  40   56  17  123   49  21  38  18  71   1   276   0   0   0   3 -138
jackson,josh      sac SF 12  123   17   49   3  17  15   21   4   18    5   5   9   4  17   0    52   0   0   0   0  -16
jackson,josh      tot SF 51  828  120  300  33 130  55   77  21  141   54  26  47  22  88   1   328   0   0   0   3 -154
jackson,justin    bos PF  1    2    0    1   0   0   2    2   0    0    0   0   0   0   0   0     2   0   0   0   0   -5
jackson,justin    pho PF  7   35    5   14   3   9   0    0   1    7    2   0   1   0   3   0    13   0   0   0   0   -8
jackson,justin    tot PF  8   37    5   15   3   9   2    2   1    7    2   0   1   0   3   0    15   0   0   0   0  -13
jackson,reggie    lac SG 75 2334  479 1222 167 512 138  163  39  271  359  54 173  16 159   0  1263   0   0   0  75  -70
james,lebron      lal PF 56 2085  640 1221 161 448 254  336  63  461  349  73 196  59 121   0  1695   0   0   0  56 -117
jarreau,dejon     ind SG  1    1    0    0   0   0   0    0   0    0    0   0   0   0   0   0     0   0   0   0   0    2
jeffries,daquan   mem SG  3    9    1    2   0   1   0    0   0    2    1   0   0   0   1   0     2   0   0   0   0   -3
jerome,ty         okl SG 48  800  124  328  54 186  36   45  19   78  109  30  37   5  73   0   338   0   0   0   4   -7
joe,isaiah        phi SG 55  614   62  177  45 135  29   31   6   56   35  14  19   3  47   0   198   0   0   0   1   23
johnson,alize     chi SF 16  121   12   22   0   1   4    7  16   36    8   3   8   0  15   0    28   0   0   0   0  -61
johnson,alize     nor PF  4   29    3   10   0   0   3    4   7   13    1   2   1   0   3   0     9   0   0   0   0   21
johnson,alize     was PF  3   18    2    6   0   2   0    1   5   12    0   0   3   0   0   0     4   0   0   0   0   -5
johnson,alize     tot PF 23  168   17   38   0   3   7   12  28   61    9   5  12   0  18   0    41   0   0   0   0  -45
johnson,bj        orl SG  4   64   11   25   4  10   0    0   6   15    0   0   0   1   4   0    26   0   0   0   0  -12
johnson,cameron   pho SF 66 1727  279  607 166 391  98  114  42  272   99  57  48  16 113   0   822   0   0   0  16  219
johnson,david     tor SG  2    3    0    1   0   1   0    0   0    0    0   0   0   0   0   0     0   0   0   0   0   -2
johnson,jalen     atl SF 22  122   22   41   3  13   5    7   2   26    3   3   9   2   9   0    52   0   0   0   0  -19
johnson,james     bro PF 62 1193  144  306  23  85  29   55  51  215  130  30  48  34 162   4   340   0   0   0  10  -59
johnson,joe       bos SF  1    2    1    1   0   0   0    0   0    0    0   0   0   0   0   0     2   0   0   0   0   -5
johnson,keldon    san SF 75 2389  471 1011 159 399 177  234  80  457  158  57  92  15 148   0  1278   0   0   0  74   75
johnson,keon      lac SF 15  135   17   51   3  11  16   21   6   21   13   7   7   2  21   0    53   0   0   0   0   -8
johnson,keon      por SG 22  560   79  220  31  89  25   30  18   60   62  21  39  10  48   0   214   0   0   0  12 -279
johnson,keon      tot SG 37  695   96  271  34 100  41   51  24   81   75  28  46  12  69   0   267   0   0   0  12 -287
johnson,stanley   lal SF 48 1095  117  251  33 105  53   74  34  155   80  44  35  15 109   1   320   0   0   0  27  -49
johnson,tyler     phi SG  3   38    4   10   3   7   0    0   1    6    2   1   1   1   4   0    11   0   0   0   0    9
johnson,tyler     san SG  3   53    2   10   2   6   0    0   2    6    5   2   1   2   3   0     6   0   0   0   0  -15
johnson,tyler     tot SG  6   91    6   20   5  13   0    0   3   12    7   3   2   3   7   0    17   0   0   0   0   -6
jokic,nikola      den  C 74 2474  764 1311  97 288 379  468 205 1017  584 108 280  65 191   0  2004   0   0   0  74  442
jones,carlik      dal PG  3   19    0    7   0   1   2    2   1    3    5   1   3   0   0   0     2   0   0   0   0  -16
jones,carlik      den PG  2    4    1    2   0   0   0    0   0    0    0   0   0   0   0   0     2   0   0   0   0   -4
jones,carlik      tot PG  5   23    1    9   0   1   2    2   1    3    5   1   3   0   0   0     4   0   0   0   0  -20
jones,damian      sac  C 56 1016  175  266  10  29  94  131  75  246   69  26  59  47 130   1   454   0   0   0  15 -174
jones,derrick     chi SG 51  901  105  195  20  61  56   70  60  170   30  25  30  34 105   2   286   0   0   0   8   41
jones,herbert     nor SF 78 2334  274  576  57 169 137  163  98  296  167 130 101  60 238   5   742   0   0   0  69   68
jones,jemerrio    lal SF  2   15    2    3   0   0   0    0   2    3    0   1   0   0   2   0     4   0   0   0   0  -13
jones,kai         cha  C 21   64    9   14   1   2   3    8   4   12    4   1   6   2   8   0    22   0   0   0   0  -14
jones,mason       lal SG  4   51    7   15   1   4  12   15   1   10    4   2   1   0   8   0    27   0   0   0   0   23
jones,tre         san PG 69 1150  166  339  10  51  71   91  29  155  233  42  45   7  78   1   413   0   0   0  11  -16
jones,tyus        mem PG 73 1548  249  552  80 205  54   66  17  175  323  65  46   2  32   0   632   0   0   0  23  255
jordan,deandre    lal  C 32  411   60   89   0   0  12   26  51  172   13  10  21  26  50   0   132   0   0   0  19 -108
jordan,deandre    phi  C 16  214   32   54   0   0  10   14  32   92    8   2  16   9  21   0    74   0   0   0   1  -39
jordan,deandre    tot  C 48  625   92  143   0   0  22   40  83  264   21  12  37  35  71   0   206   0   0   0  20 -147
joseph,cory       det PG 65 1599  178  400  65 157 100  113  29  174  237  42  85  17 147   1   521   0   0   0  39 -204
kalaitzakis,geo   mil SF  9   48    5   11   2   4   4    9   4    8    0   1   4   1   8   0    16   0   0   0   0  -49
kalaitzakis,geor  okl SF  4  166   26   56   8  22  10   21   2   13   12  10  16   1  11   0    70   0   0   0   4  -85
kaminsky,frank    pho  C  9  182   36   66   5  15  18   20  11   41   13   8   5   7  14   0    95   0   0   0   0   39
kanter,enes       bos  C 35  412   51   97   2   5  24   28  61  161    8   4  20  14  42   0   128   0   0   0   1   70
kennard,luke      lac SG 70 1916  287  639 190 423  69   77  20  230  146  42  60   6 101   0   833   0   0   0  13  183
key,braxton       det PF  9  190   32   70   6  20   7   13  12   49   10  10   9  12  25   1    77   0   0   0   0   32
key,braxton       phi SF  2    6    1    2   0   1   0    0   1    2    1   1   2   0   1   0     2   0   0   0   0   -5
key,braxton       tot SF 11  196   33   72   6  21   7   13  13   51   11  11  11  12  26   1    79   0   0   0   0   27
king,george       dal SF  4   19    0    5   0   4   1    2   0    5    0   0   1   0   4   0     1   0   0   0   0  -27
king,louis        sac PF 10  105   15   47   8  27   7   10   0   12    9   2   0   1  14   0    45   0   0   0   0  -29
kispert,corey     was SF 77 1804  234  514 112 320  54   62  53  208   85  34  50  22  93   0   634   0   0   0  36   38
kleber,maxi       dal PF 59 1449  141  354  83 255  46   65  70  350   68  30  47  58 137   0   411   0   0   0  21  120
knight,brandon    dal PG  5   65   10   25   4  17   8    8   0    8    8   1   4   0   5   0    32   0   0   0   0   -6
knight,nathan     min  C 37  270   45   88   4  13  44   60  32   85   22   7  18   8  42   1   138   0   0   0   2   22
knox,kevin        atl SF 17  111   16   45   5  26   9   12   6   22    7   2   2   1  14   0    46   0   0   0   0  -24
knox,kevin        nyk SF 13  111   15   40  10  28   7   10   8   22    3   2   5   1   5   0    47   0   0   0   0  -46
knox,kevin        tot SF 30  222   31   85  15  54  16   22  14   44   10   4   7   2  19   0    93   0   0   0   0  -70
konchar,john      mem SG 72 1293  135  262  52 126  27   49  87  329  109  48  29  22  90   0   349   0   0   0   7   92
korkmaz,furkan    phi SG 67 1416  182  470  77 266  68   84  22  175  127  33  49   9  58   0   509   0   0   0  19   31
kornet,luke       bos  C 12   85   12   21   0   4   2    3  10   25    8   4   0   2   7   0    26   0   0   0   0    8
kornet,luke       cle SG  2   15    1    5   0   1   2    3   2    3    1   0   0   1   1   0     4   0   0   0   0   20
kornet,luke       mil  C  1    3    0    1   0   0   0    0   1    1    0   0   0   0   1   0     0   0   0   0   0   -6
kornet,luke       tot  C 15  103   13   27   0   5   4    6  13   29    9   4   0   3   9   0    30   0   0   0   0   22
krejci,vit        okl PG 30  689   68  167  32  98  19   22  18  101   57  19  29   8  65   0   187   0   0   0   8 -179
kulboka,arnolda   cha SF  2    6    0    1   0   1   0    0   0    0    0   0   0   0   1   0     0   0   0   0   0  -12
kuminga,jonatha   gsw SF 70 1184  236  460  50 149 130  190  54  234   64  31  74  22 146   2   652   0   0   0  12   35
kuzma,kyle        was SF 66 2208  423  936 128 375 156  219  70  562  233  42 168  58 128   0  1130   0   0   0  66 -281
lamb,anthony      san SF  2    8    0    2   0   2   0    0   0    1    2   0   0   0   0   0     0   0   0   0   0    5
lamb,jeremy       ind SG 39  616   85  228  39 117  67   80  15   95   51  22  24  14  44   0   276   0   0   0   0   44
lamb,jeremy       sac SG 17  322   48  119  16  53  22   26  11   60   30   8  13   8  15   0   134   0   0   0   0  -23
lamb,jeremy       tot SG 56  938  133  347  55 170  89  106  26  155   81  30  37  22  59   0   410   0   0   0   0   21
landale,jock      san  C 54  590  101  204  29  89  34   41  63  138   45   9  31  14  53   0   265   0   0   0   1  -17
langford,romeo    bos SG 44  731   79  184  29  83  20   34  29  103   19  21  16  16  46   0   207   0   0   0   5   -8
langford,romeo    san SG  4   43    4    7   0   2   3    8   0    4    2   1   0   0   1   0    11   0   0   0   0   13
langford,romeo    tot SG 48  774   83  191  29  85  23   42  29  107   21  22  16  16  47   0   218   0   0   0   5    5
lavine,zach       chi SG 67 2327  565 1185 185 475 320  375  22  310  303  41 171  23 120   0  1635   0   0   0  67  -26
layman,jake       min SF 34  230   30   73   8  35  13   18   6   36    9   7  10   5  12   0    81   0   0   0   1  -11
lee,damion        gsw SG 63 1257  169  383  63 187  66   75  27  201   63  39  38   6  95   0   467   0   0   0   5   93
lee,saben         det PG 37  605   69  177  14  60  56   71  18   86  107  35  36  11  44   0   208   0   0   0   0  -80
len,alex          sac  C 39  623   94  176   6  21  41   63  52  161   45  14  43  26 100   1   235   0   0   0  10  -76
levert,caris      cle SG 19  567  101  232  21  67  35   47  13   64   75  16  33   5  40   0   258   0   0   0  10  -43
levert,caris      ind SG 39 1215  278  622  61 189 111  146  29  149  173  35  74  18  91   1   728   0   0   0  39  -19
levert,caris      tot SG 58 1782  379  854  82 256 146  193  42  213  248  51 107  23 131   1   986   0   0   0  49  -62
lewis,kira        nor PG 24  341   59  146  13  58  10   12   8   38   49  11  26   1  17   0   141   0   0   0   0 -107
lewis,scottie     cha SG  2    6    0    0   0   0   1    2   0    0    1   1   0   0   0   0     1   0   0   0   0   -4
lillard,damian    por PG 29 1055  222  552  92 284 159  181  13  120  212  17  83  11  37   0   695   0   0   0  29  -30
little,nassir     por SF 42 1089  145  315  51 154  69   94  58  236   54  24  40  36  82   0   410   0   0   0  23  -23
livers,isaiah     det SF 19  384   41   90  27  64  12   14  15   57   22  13  15   7  37   0   121   0   0   0   5  -10
looney,kevon      gsw  C 82 1730  208  364   0   1  75  125 208  595  165  48  67  52 215   2   491   0   0   0  80  166
lopez,brook       mil  C 13  298   61  131  19  53  20   23  19   53    6   8  12  15  34   0   161   0   0   0  11   -7
lopez,robin       orl  C 36  610  110  199   2   6  32   54  68  126   54   2  44  18  67   1   254   0   0   0   9  -65
louzada,didi      nor SF  2    7    0    3   0   3   0    0   2    2    1   0   0   0   0   0     0   0   0   0   0   -4
louzada,didi      por SG  7  122   12   30   9  20   2    2   3   15    4   2   5   2  13   0    35   0   0   0   1  -77
louzada,didi      tot SG  9  129   12   33   9  23   2    2   5   17    5   2   5   2  13   0    35   0   0   0   1  -81
love,kevin        cle PF 74 1667  327  761 187 477 166  198  87  537  160  26  98  18 101   0  1007   0   0   0   4   93
lowry,kyle        mia PG 63 2130  276  627 144 382 148  174  33  282  474  67 168  17 177   1   844   0   0   0  63  250
lundberg,gabriel  pho SF  4   44    5   19   3   8   0    0   2    7   11   3   3   0   7   0    13   0   0   0   0   19
luwawu-cabarrot   atl SF 52  684   74  186  44 122  35   41  17   82   40  18  20   7  76   0   227   0   0   0  18  -51
lyles,trey        det PF 51  990  175  384  44 146 138  176  60  244   58  21  54  26  91   0   532   0   0   0   3 -160
lyles,trey        sac PF 24  547   87  178  23  63  57   67  29  135   30   7  19   6  32   0   254   0   0   0  20  -70
lyles,trey        tot PF 75 1537  262  562  67 209 195  243  89  379   88  28  73  32 123   0   786   0   0   0  23 -230
maledon,theo      okl PG 51  909  119  317  44 150  79  100  20  131  111  31  65  11  67   0   361   0   0   0   7 -200
mamukelashvili,   mil  C 41  407   57  115  22  52  18   22  35   82   22   9  15   9  28   0   154   0   0   0   3 -145
mann,terance      lac SF 81 2316  334  689  76 208 128  164 103  424  209  55  84  21 178   1   872   0   0   0  33   68
mann,tre          okl SG 60 1366  231  588  98 272  65   82  25  171   91  47  71  12 102   1   625   0   0   0  26 -278
marjanovic,boba   dal  C 23  130   42   70   1   4  13   22   8   39    3   0  15   3  24   0    98   0   0   0   0   35
markkanen,lauri   cle PF 61 1880  313  703 136 380 138  159  59  344   81  46  54  31 130   3   900   0   0   0  61  172
marshall,naji     nor SF 55  735  109  269  21 105  74   93  38  142   62  32  46   8  69   1   313   0   0   0   4  -49
martin,caleb      mia SF 60 1372  208  410  64 155  71   93  70  230   64  58  52  30 104   0   551   0   0   0  12  157
martin,cody       cha SF 71 1867  204  423  61 159  75  107  82  285  180  89  61  31 116   1   544   0   0   0  11  -25
martin,kelan      bos SF  3    6    0    3   0   1   0    0   1    2    0   0   0   0   0   0     0   0   0   0   0   -8
martin,kelan      ind SF 27  442   70  168  22  74   9   13  16   53   21  12  14   9  36   0   171   0   0   0   1  -45
martin,kelan      tot SF 30  448   70  171  22  75   9   13  17   55   21  12  14   9  36   0   171   0   0   0   1  -53
martin,kj         hou SF 79 1657  279  522  60 167  78  123  81  298  101  34  60  40 113   1   696   0   0   0   2 -238
mathews,garriso   hou SG 66 1749  190  471 144 395 146  185  34  193   64  58  41  24 173   0   670   0   0   0  33 -204
mathias,dakota    mem SG  6   18    2    6   2   6   0    0   0    2    1   1   0   0   1   0     6   0   0   0   0  -11
matthews,wesley   mil SG 49 1004   87  220  53 157  22   28  31   93   36  23  19   8  87   1   249   0   0   0  14  139
maxey,tyrese      phi SG 75 2653  483  995 132 309 213  246  26  240  321  55  88  32 156   0  1311   0   0   0  74  192
mays,skylar       atl SG 28  220   32   64   8  25   8    9   5   25   17   7  10   0   9   0    80   0   0   0   5  -53
mcbride,miles     nyk PG 40  376   32  108  17  68   8   12   5   42   41  14   5   1  45   0    89   0   0   0   2  101
mcclung,mac       chi PG  1    3    1    1   0   0   0    0   0    0    0   0   1   0   0   0     2   0   0   0   0   -2
mcclung,matt      lal SG  1   22    2    5   1   3   1    1   0    3    1   1   2   1   5   0     6   0   0   0   0    9
mccollum,cj       nor SG 26  876  246  499  71 180  68  102  19  116  152  35  57   1  44   0   631   0   0   0  26   44
mccollum,cj       por SG 36 1267  290  665 111 289  48   68  34  153  162  35  70  21  77   0   739   0   0   0  36 -113
mccollum,cj       tot SG 62 2143  536 1164 182 469 116  170  53  269  314  70 127  22 121   0  1370   0   0   0  62  -69
mcconnell,t.j.    ind SG 27  651  100  208  10  33  19   23  20   90  131  30  29  10  53   0   229   0   0   0   8  -74
mcdaniels,jaden   min PF 70 1802  255  555  80 252  57   71  77  295   79  52  76  55 224   8   647   0   0   0  31    2
mcdaniels,jalen   cha PF 55  895  123  254  41 108  53   72  37  170   57  26  36  22  93   0   340   0   0   0   2   46
mcdermott,doug    san SF 51 1222  214  464 108 256  40   51  18  115   64  14  43   6  79   1   576   0   0   0  51  -38
mcgee,javale      pho  C 74 1171  288  458   2   9 102  146 163  496   42  21  98  81 181   2   680   0   0   0  17  120
mcgriff,cameron   por SF  3   47    5   14   2   6   2    2   6   15    3   0   0   1   7   0    14   0   0   0   0    8
mcgruder,rodney   det SG 51  752   98  226  58 146  19   26  32  112   48  21  24   7  58   0   273   0   0   0   2  -56
mckinnie,alfonz   chi SF 17  204   24   61   9  27   2    8  13   33    5   2   7   3  26   0    59   0   0   0   3  -55
mclaughlin,jaqu   dal SG  4   12    0    2   0   1   0    0   0    0    2   0   0   0   1   0     0   0   0   0   0   -9
mclaughlin,jord   min PG 62  902   88  200  27  85  30   40  22   94  180  57  38  10  54   0   233   0   0   0   3   37
mclemore,ben      por SG 64 1285  216  539 151 417  72   88  12  103   59  38  55  10 103   0   655   0   0   0   6 -352
melton,de'antho   mem PG 73 1657  281  695 139 372  90  120  64  327  195 104 112  39 128   0   791   0   0   0  15  221
merrill,sam       mem SG  6   57    8   24   7  23   2    4   1    7    4   0   2   0   3   0    25   0   0   0   0   -9
metu,chimezie     sac PF 60 1280  203  449  57 186  71   91  34  335   60  51  61  32  93   0   534   0   0   0  20 -154
middleton,khris   mil SF 66 2142  452 1022 162 434 259  291  41  356  358  76 190  18 160   0  1325   0   0   0  66  302
miles,cj          bos SG  1    2    0    0   0   0   0    0   0    0    0   0   0   0   1   0     0   0   0   0   0   -5
mills,patty       bro PG 81 2346  324  795 227 568  48   59  18  157  183  48  73  19 112   1   923   0   0   0  48  119
millsap,paul      bro  C 24  270   32   85   6  27  12   17  29   89   24   5  11  12  48   0    82   0   0   0   0    2
millsap,paul      phi PF  9  105   13   30   2   8   5    7  12   25    5   5   8   2  19   0    33   0   0   0   1  -27
millsap,paul      tot PF 33  375   45  115   8  35  17   24  41  114   29  10  19  14  67   0   115   0   0   0   1  -25
milton,shake      phi SG 55 1179  173  403  43 133  61   73  30  142  139  29  44  17  99   0   450   0   0   0   6  -29
mitchell,davion   sac SG 75 2080  352  844 101 320  56   85  33  165  314  55 113  24 141   0   861   0   0   0  19 -275
mitchell,donova   uta SG 67 2266  617 1377 232 654 267  313  55  282  358  99 199  12 164   0  1733   0   0   0  67  276
mobley,evan       cle  C 69 2329  422  831  23  92 167  252 144  571  174  56 133 115 147   0  1034   0   0   0  69   95
monk,malik        lal SG 76 2140  391  826 173 442  93  117  37  256  218  62 122  29 138   0  1048   0   0   0  37   53
monroe,greg       mil  C  5   68   11   22   0   0   5    9  11   21    2   3   3   2   7   0    27   0   0   0   0    5
monroe,greg       min  C  4   81   13   22   0   0   3    7   6   24   16   4   7   6   9   0    29   0   0   0   0   -2
monroe,greg       uta  C  3   27    4    5   0   0   4    7   6    9    3   0   0   1   6   0    12   0   0   0   0   -7
monroe,greg       was  C  2   18    4    8   0   0   0    0   7   10    1   1   2   1   2   0     8   0   0   0   0    9
monroe,greg       tot  C 14  194   32   57   0   0  12   23  30   64   22   8  12  10  24   0    76   0   0   0   0    5
moody,moses       gsw SF 52  609   80  183  40 110  28   36  17   80   23   7  13  10  43   0   228   0   0   0  11  -42
moon,xavier       lac PG 11  140   25   51   5  14   3    5   2   14   24   7   6   3   9   0    58   0   0   0   0    2
mooney,matt       nyk SG  1    2    0    1   0   1   0    0   0    0    0   1   1   0   0   0     0   0   0   0   0   -5
morant,ja         mem PG 57 1894  580 1177  88 256 316  415  77  325  384  66 196  22  86   0  1564   0   0   0  57  189
morgan,juwan      bos PF  1    4    0    0   0   0   0    0   0    0    0   0   0   0   0   0     0   0   0   0   0    8
morgan,juwan      tor PF  1   27    2    3   1   2   0    0   2    4    1   0   0   0   3   0     5   0   0   0   0  -25
morgan,juwan      tot PF  2   31    2    3   1   2   0    0   2    4    1   0   0   0   3   0     5   0   0   0   0  -17
morris,jaylen     san SF  3   17    0    6   0   2   2    4   0    2    2   0   1   0   1   0     2   0   0   0   0    8
morris,marcus     lac PF 54 1564  300  691 101 275 129  148  26  239  113  28  69  18 115   0   830   0   0   0  54 -142
morris,markieff   mia PF 17  300   54  114  13  39   8    9  17   45   23   6  20   1  33   0   129   0   0   0   1   19
morris,monte      den PG 75 2237  374  773 124 314  73   84  27  226  333  55  78  14  92   0   945   0   0   0  74  282
mudiay,emmanuel   sac PG  2   11    0    2   0   0   3    4   0    0    4   1   1   0   1   0     3   0   0   0   0   -7
mulder,mychal     mia SG  2   44    4   10   4   8   2    2   0    3    2   0   0   1   1   0    14   0   0   0   1   -1
mulder,mychal     orl SG 15  196   20   67  13  46   2    2   2   21    3   4   8   1  12   0    55   0   0   0   2  -54
mulder,mychal     tot SG 17  240   24   77  17  54   4    4   2   24    5   4   8   2  13   0    69   0   0   0   3  -55
murkey,ade        sac SG  1    1    0    0   0   0   0    0   0    0    0   0   0   0   0   0     0   0   0   0   0   -1
murphy,trey       nor SF 62  866  109  277  71 186  45   51  47  147   38  23  16   7  60   0   334   0   0   0   1   -1
murray,dejounte   san PG 68 2368  573 1241  96 294 196  247  80  564  627 138 180  23 138   0  1438   0   0   0  68   49
muscala,mike      okl PF 43  591  113  248  70 163  48   57  21  129   22  18  14  26  58   0   344   0   0   0   0   23
mykhailiuk,svi    tor SF 56  719   91  234  41 134  32   37  20   92   45  25  32   4  54   0   255   0   0   0   5  -78
nader,abdel       pho SF 14  146   12   35   4  14   6   10   4   27    7   8  11   4  20   0    34   0   0   0   0   -2
nance,larry       nor PF  9  181   27   49   4   8   8    8  14   39    8   5  10   7  17   0    66   0   0   0   0  -10
nance,larry       por PF 37  859  102  198  19  62  32   49  58  209   73  38  27  13  67   0   255   0   0   0  11  -50
nance,larry       tot PF 46 1040  129  247  23  70  40   57  72  248   81  43  37  20  84   0   321   0   0   0  11  -60
nembhard,rj       cle SG 14   62    6   18   0   2   3    4   3    7   12   1   3   0   2   0    15   0   0   0   0   -7
nesmith,aaron     bos SF 52  574   72  182  31 115  21   26  15   89   22  21  31   4  70   0   196   0   0   0   3   22
neto,raul         was PG 70 1369  204  441  35 120  83  108  13  134  217  55  79   3 104   0   526   0   0   0  19  -88
newman,malik      cle PG  1    8    3    5   0   1   2    2   0    1    1   0   1   0   0   0     8   0   0   0   0    1
niang,georges     phi SF 76 1734  246  563 156 387  52   59  25  203  102  30  59  12 190   3   700   0   0   0   7   67
nix,daishen       hou SG 24  262   27   67   7  26  16   30   7   33   40  14  26   0  21   0    77   0   0   0   0  -46
nnaji,zeke        den PF 41  697   96  186  37  80  41   65  56  147   17  17  23  13  79   0   270   0   0   0   1  -45
noel,nerlens      nyk  C 25  559   32   60   0   3  21   30  47  141   23  29  20  31  67   0    85   0   0   0  11  -68
nowell,jaylen     min SG 62  974  196  413  63 160  72   92  22  123  130  27  36  10  73   1   527   0   0   0   1   70
ntilikina,frank   dal SG 58  683   89  223  38 110  24   25  12   79   69  27  31   7  61   0   240   0   0   0   5   63
nurkic,jusuf      por  C 56 1579  321  601  15  56 185  268 168  619  157  62 143  34 189   4   842   0   0   0  56   13
nwaba,david       hou SF 46  607   85  176  15  49  48   67  41  151   35  28  21  20  55   1   233   0   0   0   4 -117
nwora,jordan      mil SF 62 1184  186  462  79 227  36   43  37  221   59  24  57  18  78   0   487   0   0   0  13  -77
o'neale,royce     uta SF 77 2402  203  444 119 306  45   56  64  367  191  85  78  31 183   0   570   0   0   0  77  232
ojeleye,semi      lac SF 10   99   12   29   4   9  13   16   2   16    4   2   4   1   4   0    41   0   0   0   0  -16
ojeleye,semi      mil SF 20  309   18   70  11  41  10   13  25   58    5   4   4   5  26   0    57   0   0   0   0 -128
ojeleye,semi      tot SF 30  408   30   99  15  50  23   29  27   74    9   6   8   6  30   0    98   0   0   0   0 -144
okeke,chuma       orl PF 70 1750  216  576 118 371  55   65  47  347  118  97  57  42  95   0   605   0   0   0  20 -315
okogie,josh       min SG 49  511   42  104  14  47  35   51  29   70   25  26  23  12  53   0   133   0   0   0   6   39
okongwu,onyeka    atl PF 48  991  156  226   0   0  80  110 116  284   53  30  44  60 149   1   392   0   0   0   6  111
okoro,isaac       cle SG 67 1979  207  431  55 157 119  155  72  201  121  56  59  22 164   2   588   0   0   0  61   99
okpala,kz         mia SF 21  246   30   69   9  26   8   11  11   41   14   4   5   7  25   0    77   0   0   0   0    6
oladipo,victor    mia SG  8  174   35   73  15  36  14   19   3   23   28   5  16   1  13   0    99   0   0   0   1   -5
oliver,cameron    atl PF  2   43   10   15   1   3   2    3   2    6    3   1   0   1   5   0    23   0   0   0   0   -2
olynyk,kelly      det  C 40  763  128  286  40 119  69   89  54  177  110  31  58  19 100   1   365   0   0   0   1  -70
omoruyi,eugene    dal SG  4   18    2    5   1   2   2    4   2    7    2   0   0   0   2   0     7   0   0   0   0    3
oni,miye          uta SG 16   44    2    9   1   8   0    1   1    7    5   0   1   0   7   0     5   0   0   0   0  -32
osman,cedi        cle SF 66 1461  247  573 128 359  87  131  26  147  135  52  67  10 127   0   709   0   0   0   3  -57
oturu,daniel      tor  C  3   28    3    6   0   1   3    5   1    5    0   0   0   2   1   0     9   0   0   0   0  -24
oubre,kelly       cha SF 76 1998  410  933 191 553 126  189  80  304   84  77  67  32 189   0  1137   0   0   0  13  -26
paige,jaysean     det PG  1    7    0    3   0   2   0    0   0    1    1   0   1   0   2   0     0   0   0   0   0  -10
palmer,trayvon    det SG  1   17    0    1   0   0   0    0   0    2    0   1   1   0   2   0     0   0   0   0   0  -12
pangos,kevin      cle PG 24  167   15   46   6  26   3    4   2   11   30   3   7   0  11   0    39   0   0   0   3  -35
parker,jabari     bos SF 12  111   18   38   8  16   9    9   5   28    6   4   8   1  13   0    53   0   0   0   0   -7
paschall,eric     uta PF 58  737  114  235  40 108  66   86  31  107   36   9  27   5  51   0   334   0   0   0   3  -29
paul,chris        pho PG 65 2140  363  736  63 199 169  202  22  284  703 121 153  20 134   0   958   0   0   0  65  460
payne,cameron     pho SG 58 1277  240  587  71 211  75   89  24  175  282  40 102  17 119   2   626   0   0   0  12  148
payton,elfrid     pho PG 50  554   67  175   4  18  12   32  21   88   99  25  47   6  38   0   150   0   0   0   1  -43
payton,gary       gsw PG 71 1249  212  344  43 120  35   58  72  245   63  96  40  22 131   1   502   0   0   0  16  182
pelle,norvel      uta PF  3   19    3    5   0   0   0    0   3    6    0   0   2   1   1   0     6   0   0   0   0  -19
perry,reggie      ind SF  1   10    1    1   0   0   0    0   0    1    0   0   0   0   3   0     2   0   0   0   0   -4
perry,reggie      por PF  9  176   39   78   3  16   9   15  15   46   12   9  11   6  30   0    90   0   0   0   1  -74
perry,reggie      tot PF 10  186   40   79   3  16   9   15  15   47   12   9  11   6  33   0    92   0   0   0   1  -78
pickett,jamorko   det PF 13  175   18   50  13  39   1    2   6   32    7   0   5   7  12   0    50   0   0   0   0    0
pinson,theo       dal SG 19  148   14   39  10  30  10   10   2   21   17   5   5   2  12   0    48   0   0   0   0  -41
plumlee,mason     cha  C 73 1790  205  320   0   2  67  171 180  568  226  60 100  52 224   6   477   0   0   0  73    5
poeltl,jakob      san  C 68 1971  410  663   1   1  94  190 262  633  189  45 109 117 212   2   915   0   0   0  67  115
pokusevski,alek   okl SF 61 1229  186  456  57 197  35   50  73  318  131  39  94  37  88   0   464   0   0   0  12  -44
pons,yves         mem SF 12   71    5   16   3   9   0    2   5   12    1   1   1   4   6   0    13   0   0   0   0  -30
poole,jordan      gsw SG 76 2285  474 1058 211 580 246  266  34  260  305  60 187  22 206   1  1405   0   0   0  51  324
porter,kevin      hou PG 61 1905  335  808 155 413 124  193  43  268  376  68 192  23 156   3   949   0   0   0  61 -281
porter,michael    den SF  9  265   37  103  10  48   5    9   9   59   17  10  12   2  16   0    89   0   0   0   9   58
porter,otto       gsw SF 63 1396  193  417  80 216  49   61  87  363   94  67  37  30  83   0   515   0   0   0  15  232
portis,bobby      mil  C 72 2027  417  870 133 338  85  113 180  657   86  53  90  50 174   1  1052   0   0   0  59  314
porzingis,krist   dal PF 34 1002  229  508  49 173 147  170  64  261   69  25  53  59  88   1   654   0   0   0  34   49
porzingis,krist   was PF 17  477  123  259  29  79 101  116  38  150   50  12  28  25  49   0   376   0   0   0  17  -16
porzingis,krist   tot PF 51 1479  352  767  78 252 248  286 102  411  119  37  81  84 137   1  1030   0   0   0  51   33
potter,micah      det  C  3   31    5   11   0   2   2    2   4    9    0   1   1   1   4   0    12   0   0   0   0  -40
powell,dwight     dal PF 82 1800  269  402  13  37 166  212 175  406   97  37  64  39 220   2   717   0   0   0  71   74
powell,myles      phi SG 11   53    5   17   1   6   2    2   1    6    3   1   3   0   8   0    13   0   0   0   0  -18
powell,norman     lac SG  5  126   32   63  13  24  30   35   3   14   14   2   7   4  14   0   107   0   0   0   2  -13
powell,norman     por SG 40 1332  247  542  93 229 159  198  17  132   82  39  62  17  92   0   746   0   0   0  39 -207
powell,norman     tot SG 45 1458  279  605 106 253 189  233  20  146   96  41  69  21 106   0   853   0   0   0  41 -220
primo,joshua      san SG 50  965  101  270  42 137  44   59  32  113   81  20  56  23  79   1   288   0   0   0  16  -81
prince,taurean    min SF 69 1175  177  391  86 229  62   82  27  175   68  47  53  23 116   0   502   0   0   0   8   -5
pritchard,payto   bos PG 71 1001  160  373 101 245  21   21  31  133  139  24  41   6  61   0   442   0   0   0   2   64
queen,trevelin    hou SG 10   75   15   33   9  24   4    4   7   16    4   5   7   1   6   0    43   0   0   0   0    8
queta,neemias     sac  C 15  122   17   38   0   0  11   17  14   31    6   1   6   8  18   0    45   0   0   0   0   -7
quickley,immanu   nyk PG 78 1800  284  724 137 396 177  201  31  247  275  54  99   3 167   0   882   0   0   0   3  264
ramsey,jahmi'us   sac SG 19  134   24   58   5  18   7   14   4   13    7   1   5   1  10   0    60   0   0   0   0  -21
randle,julius     nyk PF 72 2543  512 1246 120 390 303  401 125  717  370  53 245  39 205   1  1447   0   0   0  72 -164
reaves,austin     lal SG 61 1419  146  318  53 168  99  118  45  193  110  28  40  20  87   0   444   0   0   0  19   54
reddish,cam       atl SF 34  795  138  343  58 153  72   80  20   84   38  35  44  10  45   0   406   0   0   0   7 -166
reddish,cam       nyk SF 15  214   27   65   8  31  29   32   5   21   10  13  13   4  15   0    91   0   0   0   0  -51
reddish,cam       tot SF 49 1009  165  408  66 184 101  112  25  105   48  48  57  14  60   0   497   0   0   0   7 -217
reed,davon        den SG 48  671   81  161  37  86  10   15  14  108   53  24  16   9  63   0   209   0   0   0   5  -26
reed,paul         phi SF 38  302   54   96   2   8   6   14  44   92   16  33  10  14  57   0   116   0   0   0   2  -40
reid,naz          min  C 77 1213  233  477  57 166 114  149 103  302   71  40  82  71 172   0   637   0   0   0   6  -92
richards,nick     cha  C 50  367   60   90   0   0  30   43  34   86   13   9  24  21  51   0   150   0   0   0   5 -109
richardson,josh   bos SG 44 1088  152  343  62 156  61   71  27  126   66  34  39  23  82   0   427   0   0   0   0   70
richardson,josh   san SG 21  511   82  191  40  90  35   37  16   60   49  22  27   6  34   0   239   0   0   0   7   68
richardson,josh   tot SG 65 1599  234  534 102 246  96  108  43  186  115  56  66  29 116   0   666   0   0   0   7  138
rivers,austin     den SG 67 1484  146  349  79 231  32   44  18  113   90  51  54   6 121   0   403   0   0   0  18   53
robinson,duncan   mia SF 79 2046  290  726 232 624  51   61  24  203  129  43  60  14 201   1   863   0   0   0  68  106
robinson,justin   det PG  5   90    9   28   8  21   2    6   2    7    9   1   5   1   8   0    28   0   0   0   0  -52
robinson,justin   mil PG 17  198   18   57  10  37   2    2   2   13   21   8  11   0  17   0    48   0   0   0   0  -51
robinson,justin   sac PG  3   15    1    8   0   3   0    0   0    1    2   0   1   0   2   0     2   0   0   0   0  -20
robinson,justin   tot PG 25  303   28   93  18  61   4    8   4   21   32   9  17   1  27   0    78   0   0   0   0 -123
robinson,mitche   nyk  C 72 1852  261  343   0   0  88  181 296  618   38  57  60 133 195   4   610   0   0   0  62  -79
robinson-earl,j   okl SF 49 1088  134  324  58 165  40   54  75  274   49  28  38  15  75   0   366   0   0   0  36 -238
roby,isaiah       okl  C 45  946  166  323  44  99  78  116  75  217   71  36  43  34 109   3   454   0   0   0  28 -185
rondo,rajon       cle PG 21  409   45  106  23  58  18   24   5   59  103  18  33   1  31   0   131   0   0   0   1  -43
rondo,rajon       lal PG 18  290   23   71   8  30   1    2  11   50   67  12  33   5  25   0    55   0   0   0   0  -67
rondo,rajon       tot PG 39  699   68  177  31  88  19   26  16  109  170  30  66   6  56   0   186   0   0   0   1 -110
rose,derrick      nyk SG 26  638  122  274  37  92  30   31  21   78  103  22  39  12  15   0   311   0   0   0   4   92
ross,terrence     orl SG 63 1451  220  554  77 264 112  130  20  161  116  28  75  12  68   0   629   0   0   0   0 -349
rozier,terry      cha SG 73 2456  519 1168 222 594 150  176  56  315  326  93  96  25 119   0  1410   0   0   0  73   74
rubio,ricky       cle PG 34  971  149  411  59 174  88  103  15  141  225  49  89   7  75   0   445   0   0   0   8  186
russell,d'angel   min PG 65 2075  401  975 176 518 198  240  25  216  460  62 165  22 130   1  1176   0   0   0  65  210
ryan,matt         bos SF  1    5    1    5   1   5   0    0   0    0    0   1   0   0   0   0     3   0   0   0   0    3
sabonis,domanta   ind  C 47 1632  331  573  35 109 191  258 156  568  236  46 142  22 146   2   888   0   0   0  46   13
sabonis,domanta   sac  C 15  506  112  202   4  17  55   74  46  185   87  13  52   5  57   1   283   0   0   0  15  -27
sabonis,domanta   tot  C 62 2138  443  775  39 126 246  332 202  753  323  59 194  27 203   3  1171   0   0   0  61  -14
sarr,olivier      okl  C 22  420   58  101  13  29  24   29  34   93   19   6  22  15  52   1   153   0   0   0   2  -28
satoransky,toma   nor SG 32  482   32  107   5  31  19   25  18   64   76  14  23   1  33   0    88   0   0   0   3 -150
satoransky,toma   san SG  1    9    0    0   0   0   3    4   0    1    0   0   0   0   0   0     3   0   0   0   0    3
satoransky,toma   was SG 22  416   40   84   6  22  21   25   9   61  108  15  23   4  38   0   107   0   0   0  10  -16
satoransky,toma   tot SG 55  907   72  191  11  53  43   54  27  126  184  29  46   5  71   0   198   0   0   0  13 -163
schakel,jordan    was SF  4   30    1   11   1   6   2    2   2    8    0   1   1   0   0   0     5   0   0   0   0    2
schofield,admir   orl SF 38  469   54  129  26  79  12   15  17   89   25   4  21   5  58   0   146   0   0   0   1 -128
schroder,dennis   bos PG 49 1431  257  583  67 192 123  145  28  163  208  42 105   4 116   0   704   0   0   0  25   68
schroder,dennis   hou PG 15  405   55  140  19  58  34   39   6   50   88  13  39   3  38   0   163   0   0   0   4 -102
schroder,dennis   tot PG 64 1836  312  723  86 250 157  184  34  213  296  55 144   7 154   0   867   0   0   0  29  -34
scott,trevon      cle SF  2   11    3    6   0   1   0    0   1    2    0   1   0   1   2   0     6   0   0   0   0    4
scrubb,jay        lac SG 18  121   18   46   6  21   7   10   1   15    8   4   7   3   9   0    49   0   0   0   0   16
selden,wayne      nyk SG  3   19    1    4   1   2   2    4   0    1    1   0   0   0   1   0     5   0   0   0   0  -13
sengun,alperen    hou  C 72 1490  249  525  29 117 165  232 138  392  185  57 145  68 214   2   692   0   0   0  13 -309
sexton,collin     cle SG 11  320   68  150  11  45  29   39  13   36   23  10  32   0  25   0   176   0   0   0  11  -30
shamet,landry     pho SG 69 1438  191  485 123 334  68   81  16  126  108  28  41   9  92   0   573   0   0   0  14  137
sharpe,day'ron    bro PF 32  391   86  149   2   7  24   41  81  160   17  10  30  15  60   2   198   0   0   0   8   57
siakam,pascal     tor PF 68 2579  596 1207  75 218 284  379 129  582  360  86 181  42 225   6  1551   0   0   0  68  257
silva,chris       mia PF  9   89    8   15   0   0  10   12  13   35    7   0   8   1  20   0    26   0   0   0   0  -23
silva,chris       min PF  1    3    0    0   0   0   0    0   0    1    0   0   0   0   0   0     0   0   0   0   0   -6
silva,chris       tot PF 10   92    8   15   0   0  10   12  13   36    7   0   8   1  20   0    26   0   0   0   0  -29
simonovic,marko   chi  C  9   37    4   15   1   5   8   11   5   10    0   1   2   1   6   0    17   0   0   0   0    3
simons,anfernee   por PG 57 1681  353  796 179 442 103  116  26  151  221  30 115   6 110   0   988   0   0   0  30  -85
simpson,zavier    okl PG  4  175   19   52   1   8   5    5   2   21   30   5  10   4  15   1    44   0   0   0   4  -95
sims,jericho      nyk  C 41  557   39   54   0   0  12   29  61  169   21  11  20  22  66   1    90   0   0   0   5   76
sirvydis,deivid   det SF  3   27    1   10   1   7   0    0   0    6    1   3   0   1   4   0     3   0   0   0   0  -28
smart,javonte     mia PG  4   40    8   17   4   9   0    0   1    5    2   2   2   1   1   0    20   0   0   0   0  -13
smart,javonte     mil PG 13  161   11   43   4  18   5    6   4   19   14   4   9   2  11   0    31   0   0   0   1  -29
smart,javonte     tot PG 17  201   19   60   8  27   5    6   5   24   16   6  11   3  12   0    51   0   0   0   1  -42
smart,marcus      bos SG 71 2295  300  717 119 360 142  179  41  269  416 122 160  19 160   0   861   0   0   0  71  443
smith,dennis      por PG 37  638   79  189   6  27  42   64  20   88  132  45  51  12  52   0   206   0   0   0   4 -138
smith,ish         cha PG 37  512   73  184  10  25  12   19  11   58   98  19  36  10  34   0   168   0   0   0   1  -95
smith,ish         was PG 28  616  112  245  15  42   3    5  14   83  146  28  42  13  44   0   242   0   0   0   0  -60
smith,ish         tot PG 65 1128  185  429  25  67  15   24  25  141  244  47  78  23  78   0   410   0   0   0   1 -155
smith,jalen       ind PF 22  544  113  213  31  83  38   50  46  169   18   9  20  23  44   1   295   0   0   0   4  -24
smith,jalen       pho PF 29  385   63  137   9  39  40   52  55  139    6   6  22  18  52   1   175   0   0   0   4   55
smith,jalen       tot PF 51  929  176  350  40 122  78  102 101  308   24  15  42  41  96   2   470   0   0   0   8   31
sneed,xavier      mem SF  2    7    0    2   0   2   0    0   1    2    0   0   0   0   2   0     0   0   0   0   0   -6
sneed,xavier      uta SF  7   31    2    8   1   6   0    0   1    4    1   0   0   0   0   0     5   0   0   0   0    0
sneed,xavier      tot SF  9   38    2   10   1   8   0    0   2    6    1   0   0   0   2   0     5   0   0   0   0   -6
snell,tony        nor SF 15  277   33   74  21  53   1    1   5   32    8   8   8   2  26   0    88   0   0   0   2   28
snell,tony        por SF 38  549   36   97  24  75   3    3  11   72   21   9  11   7  44   0    99   0   0   0  10 -145
snell,tony        tot SF 53  826   69  171  45 128   4    4  16  104   29  17  19   9  70   0   187   0   0   0  12 -117
springer,jaden    phi SG  2    6    1    1   0   0   0    0   1    2    0   0   1   2   0   0     2   0   0   0   0   -8
stanley,cassius   det SG  9  155   19   46   4  17  10   10   5   19    4   6   6   2  17   0    52   0   0   0   1  -17
stauskas,nik      bos SG  6   15    2    6   2   6   1    2   0    0    1   0   1   0   0   0     7   0   0   0   0    2
stauskas,nik      mia SG  2   24    3    8   2   4   3    4   1    3    1   0   0   0   1   0    11   0   0   0   0   16
stauskas,nik      tot SG  8   39    5   14   4  10   4    6   1    3    2   0   1   0   1   0    18   0   0   0   0   18
stephenson,lanc   atl SF  6   70    5   13   0   3   1    2   1   15   11   0   4   0   8   0    11   0   0   0   0    8
stephenson,lanc   ind SF 40  743  142  310  27  87  62   78  11  113  154  23  68   4  88   1   373   0   0   0   1 -121
stephenson,lanc   tot SF 46  813  147  323  27  90  63   80  12  128  165  23  72   4  96   1   384   0   0   0   1 -113
stevens,lamar     cle SF 63 1013  156  319  18  65  53   75  47  164   43  31  41  18 106   0   383   0   0   0  13  -40
stewart,isaiah    det  C 71 1813  250  491  15  46  74  103 227  618   83  21  85  79 211   1   589   0   0   0  71 -367
strus,max         mia SG 68 1588  249  564 181 442  42   53  24  202   92  29  57  16 116   1   721   0   0   0  16  171
suggs,jalen       orl SG 48 1305  198  548  42 196 126  163  26  171  209  59 143  19 142   2   564   0   0   0  45 -206
sword,craig       was PG  3   19    3    4   0   1   0    0   0    0    1   4   1   0   7   0     6   0   0   0   0    1
sykes,keifer      ind PG 32  570   69  190  27  90  15   17   8   45   62  12  33   4  51   0   180   0   0   0  11  -69
tate,jae'sean     hou SF 78 2056  363  729  63 202 130  184 135  420  222  73 139  41 286   3   919   0   0   0  77 -406
tatum,jayson      bos SF 76 2732  708 1564 230 651 400  469  86  610  334  75 217  49 174   0  2046   0   0   0  76  667
taylor,terry      ind SG 33  716  135  219  12  38  36   51  95  172   41  14  24   9  61   1   318   0   0   0   7 -114
temple,garrett    nor SF 59 1100  111  294  59 184  28   41  30  143   74  43  42  23  81   0   309   0   0   0  16 -326
terry,emanuel     pho PF  3   18    0    5   0   0   0    0   7   14    2   0   4   0   4   0     0   0   0   0   0  -19
terry,tyrell      mem PG  2    4    1    1   0   0   0    0   0    0    0   0   0   0   1   0     2   0   0   0   0   -2
teske,jon         mem  C  3    8    0    1   0   0   0    2   0    2    1   1   0   0   1   0     0   0   0   0   0   -3
theis,daniel      bos  C 21  395   67  112  10  28  22   32  28   99   21   9  15  15  49   2   166   0   0   0   6  131
theis,daniel      hou  C 26  583   84  179  23  79  27   40  32  129   20  11  31  17  62   0   218   0   0   0  21 -219
theis,daniel      tot  C 47  978  151  291  33 107  49   72  60  228   41  20  46  32 111   2   384   0   0   0  27  -88
thomas,brodric    bos SG 12   61    8   18   2   9   3    5   2   10   11   1   6   1   7   0    21   0   0   0   0    3
thomas,cameron    bro SG 67 1174  218  503  47 174  87  105  16  161   78  33  55   8  66   0   570   0   0   0   2 -139
thomas,isaiah     cha PG 17  220   52  120  23  58  14   15   3   21   24   7  10   3  22   0   141   0   0   0   0   14
thomas,isaiah     dal PG  1   13    3    8   0   3   0    0   0    0    4   0   0   0   0   0     6   0   0   0   0   -1
thomas,isaiah     lal PG  4  101   12   39   5  22   8   11   1    8    6   0   6   2  12   0    37   0   0   0   1  -23
thomas,isaiah     tot PG 22  334   67  167  28  83  22   26   4   29   34   7  16   5  34   0   184   0   0   0   1  -10
thomas,matt       chi SG 40  456   55  134  35  91  16   20   3   50   20   7   8   3  18   0   161   0   0   0   0   32
thompson,klay     gsw SG 32  941  246  573 114 296  46   51  15  125   88  17  43  17  54   0   652   0   0   0  32   66
thompson,travis   ind  C  4   66   13   24   0   0   3    8   7   18    2   0   4   2   7   0    29   0   0   0   0  -16
thompson,tristan  chi  C 23  372   52   92   0   2  26   48  41  109   14  12  12   7  39   0   130   0   0   0   3    4
thompson,tristan  sac ?? 30  453   76  151   1   1  32   60  72  161   18  11  29  12  52   0   185   0   0   0   3  -53
thompson,tristan  tot ?? 53  825  128  243   1   3  58  108 113  270   32  23  41  19  91   0   315   0   0   0   6  -49
thor,jt           cha PF 33  260   24   55   7  27  12   20  11   43   19   8  10  11  26   0    67   0   0   0   0   -7
thybulle,matiss   phi SG 66 1685  150  300  45 144  34   43  43  152   75 115  39  70 158   1   379   0   0   0  50   87
tillie,killian    mem  C 36  461   43  127  27  86   5    8  21   60   22  23  13  15  58   0   118   0   0   0   3   29
tillman,xavier    mem PF 53  700   98  216  10  49  46   71  66  161   62  50  34  15  63   0   252   0   0   0   2  -26
todd,isaiah       was PF 12   74    7   26   4  16   2    6   3   12    4   4   4   2   4   0    20   0   0   0   0  -24
toppin,obi        nyk SF 72 1232  251  473  52 169  94  124  69  268   77  25  56  33 102   0   648   0   0   0  10  165
toscano-anderso   gsw SF 73 1000  115  235  28  87  40   70  28  178  127  48  68  18 115   0   298   0   0   0   6   47
towns,karl-anth   min  C 74 2474  642 1213 150 367 384  467 195  729  269  73 226  83 267   5  1818   0   0   0  74  275
trent,gary        tor SG 70 2448  450 1086 209 545 174  204  26  190  141 125  71  18 144   1  1283   0   0   0  69  172
tucker,p.j.       mia PF 71 1985  207  428  80 193  45   61 100  385  149  58  66  15 161   0   539   0   0   0  70  230
tucker,rayjon     den SG  3   30    1    2   1   2   3    4   1    4    4   1   0   0   3   0     6   0   0   0   0    3
tucker,rayjon     mil SG  2   41    5    7   3   3   2    3   2    4    6   3   1   0   2   0    15   0   0   0   0   -5
tucker,rayjon     tot SG  5   71    6    9   4   5   5    7   3    8   10   4   1   0   5   0    21   0   0   0   0   -2
turner,myles      ind PF 42 1240  200  394  61 184  79  105  65  297   44  28  54 118 119   0   540   0   0   0  42  -14
valanciunas,jon   nor  C 74 2236  510  937  57 158 237  289 226  843  190  42 180  60 247   4  1314   0   0   0  74   67
valentine,denze   cle SG 22  205   23   62  18  44   0    0   9   38   11   7  10   0  17   0    64   0   0   0   0  -25
valentine,denze   uta SG  2   19    2    4   1   3   0    0   0    4    0   1   2   0   3   0     5   0   0   0   0   -2
valentine,denze   tot SG 24  224   25   66  19  47   0    0   9   42   11   8  12   0  20   0    69   0   0   0   0  -27
vanderbilt,jarr   min PF 74 1883  212  361   2  14  86  131 216  625   94  99  73  46 181   4   512   0   0   0  67  163
vanvleet,fred     tor PG 65 2462  442 1097 242 642 194  222  44  288  434 111 170  35 162   0  1320   0   0   0  65  212
vassell,devin     san SG 71 1936  326  764 137 380  83   99  44  306  136  75  58  42 143   0   872   0   0   0  32   32
vincent,gabe      mia PG 68 1590  214  513 119 323  44   54  22  127  210  61  98  12 158   2   591   0   0   0  27   99
vucevic,nikola    chi  C 73 2420  546 1154 104 331  92  121 142  803  237  71 136  70 181   2  1288   0   0   0  73  -52
wade,dean         cle PF 51  983   99  217  51 142  20   30  31  150   52  30  15   7  88   0   269   0   0   0  28   37
wagner,franz      orl SF 79 2427  456  975  96 270 189  219  84  356  231  69 119  33 164   1  1197   0   0   0  79 -243
wagner,moritz     orl  C 63  960  197  396  66 201 104  129  42  232   87  20  56  14 123   0   564   0   0   0   3 -150
wainright,ish     pho SF 45  361   41  104  19  59   7   12  27   54   15  20  13   6  49   1   108   0   0   0   0   39
walker,kemba      nyk PG 37  947  149  370  73 199  60   71  14  111  131  27  48   7  37   1   431   0   0   0  37 -182
walker,lonnie     san SG 70 1612  311  764 111 353 116  148  18  180  152  44  72  19  98   0   849   0   0   0   6  -80
walker,mj         pho SG  2    9    0    4   0   2   0    0   0    1    1   3   0   0   1   0     0   0   0   0   0   -3
wallace,tyrone    nor SG  6   75    7   20   2   8   1    5   0    8    1   3   2   1   7   0    17   0   0   0   0  -18
walton,derrick    det PG  3  108    6   26   3  13   4    4   2   10   21   6  11   4   8   0    19   0   0   0   3   -3
wanamaker,brad    ind SG 22  292   26   72   4  17  20   22   5   34   48   5  23   6  42   0    76   0   0   0   1  -56
wanamaker,brad    was PG  1   27    2    5   0   0   3    3   0    5    7   2   0   0   3   0     7   0   0   0   1   12
wanamaker,brad    tot PG 23  319   28   77   4  17  23   25   5   39   55   7  23   6  45   0    83   0   0   0   2  -44
washington,duan   ind PG 48  970  173  427  81 215  46   61   5   84   85  26  57   3  66   0   473   0   0   0   7 -125
washington,pj     cha PF 65 1766  250  534 110 301  58   81  83  338  147  57  82  61 152   1   668   0   0   0  28  141
watanabe,yuta     tor SF 38  443   56  138  27  79  24   40  18   91   21  13  19  16  38   0   163   0   0   0   4  -54
waters,lindy      okl SF 25  468   71  175  53 146   4    5   6   73   24  19  11   8  31   0   199   0   0   0   1  -39
waters,tremont    tor PG  2   42    3   12   2   9   0    0   0    4    7   4   4   0   2   0     8   0   0   0   0  -23
waters,tremont    was PG  1    8    1    2   0   0   0    0   0    0    0   1   0   0   2   0     2   0   0   0   0    4
waters,tremont    tot PG  3   50    4   14   2   9   0    0   0    4    7   5   4   0   4   0    10   0   0   0   0  -19
watford,trendon   por SF 48  869  142  267   9  38  71   94  57  199   81  26  44  28 116   2   364   0   0   0  10 -350
watson,paul       okl SF  9  156   12   35   6  26   1    2   3   27    8   3   4   3  10   0    31   0   0   0   3  -56
weatherspoon,qu   gsw SG 11   73   12   21   1   5   5    5   2   14    5   1   3   1  15   0    30   0   0   0   0  -10
westbrook,russe   lal PG 78 2680  548 1232  79 265 266  399 109  578  550  75 294  20 235   2  1441   0   0   0  78 -211
white,coby        chi SG 61 1676  279  644 136 353  78   91  17  182  176  30  70  11 137   1   772   0   0   0  17  -34
white,derrick     bos SG 26  715   94  230  34 111  64   75  13   87   92  14  31  16  56   0   286   0   0   0   4  170
white,derrick     san SG 49 1488  243  570  81 258 139  160  25  173  273  50  87  42 116   0   706   0   0   0  48   32
white,derrick     tot SG 75 2203  337  800 115 369 203  235  38  260  365  64 118  58 172   0   992   0   0   0  52  202
whiteside,hassa   uta  C 65 1163  215  330   0   0 104  167 166  494   26  22  53 103 179   2   534   0   0   0   8  230
wieskamp,joe      san SG 30  206   20   56  14  43   7   13   4   14    9   4   2   3  15   0    61   0   0   0   0    0
wiggins,aaron     okl SF 50 1212  156  337  42 138  62   85  51  178   68  30  54   9  93   0   416   0   0   0  35 -235
wiggins,andrew    gsw SF 73 2334  475 1019 157 399 149  235  84  324  161  77 111  51 158   1  1256   0   0   0  73  265
wigginton,lindel  mil PG 19  203   26   61   9  26  19   35   3   25   23   6  12   1  17   0    80   0   0   0   0  -47
williams,brandon  por PG 24  640  105  282  31 106  68   97  19   74   94  24  58  10  52   0   309   0   0   0  16 -272
williams,grant    bos SF 77 1881  205  432 106 258  86   95  64  274   79  38  62  57 186   1   602   0   0   0  21  145
williams,kenric   okl SF 49 1074  146  317  41 121  30   55  75  220  108  44  46  10  81   0   363   0   0   0   0   25
williams,lou      atl SG 56  804  125  320  37 102  67   78  15   85  105  29  43   3  48   0   354   0   0   0   0   15
williams,patric   chi SF 17  422   54  102  15  29  30   41  17   69   15   9  16   9  28   0   153   0   0   0   9  -56
williams,robert   bos  C 61 1804  271  368   0   1  65   90 239  589  121  57  63 133 137   0   607   0   0   0  61  370
williams,ziaire   mem SF 62 1344  191  424  76 242  43   55  26  129   65  36  41  11 113   0   501   0   0   0  31  122
wilson,dj         tor SF  4   54   11   15   0   2   8   10   1   16    5   4   2   1   6   0    30   0   0   0   1  -16
windler,dylan     cle SF 50  463   37   98  21  70  15   18  21   89   34  14  17   3  47   0   110   0   0   0   0  -11
winslow,justise   lac PF 37  479   63  141   5  29  25   41  30  132   52  21  37  18  46   0   156   0   0   0   1   38
winslow,justise   por SF 11  294   47  116  10  37  14   25  20   69   32  14  12   7  21   0   118   0   0   0  10  -10
winslow,justise   tot SF 48  773  110  257  15  66  39   66  50  201   84  35  49  25  67   0   274   0   0   0  11   28
winston,cassius   was PG  7   39    4   11   2   6   4    4   0    1    7   0   3   0   9   0    14   0   0   0   0   -6
wood,christian    hou  C 68 2093  440  879 131 336 207  332 111  688  155  53 126  66 171   0  1218   0   0   0  67 -406
woodard,robert    sac SF 12   42    2   16   1   4   2    2   5   11    3   1   1   1   3   0     7   0   0   0   0   15
wright,delon      atl SG 77 1457  122  269  44 116  54   63  50  220  188  93  45  20  56   0   342   0   0   0   8   60
wright,mckinley   min PG  5   18    2    3   1   2   0    0   0    0    3   0   1   0   1   0     5   0   0   0   0   -7
wright,moses      dal SF  3   13    1    4   0   1   3    3   1    3    1   0   0   1   0   0     5   0   0   0   0   -8
wright,moses      lac PF  1    1    0    0   0   0   0    0   0    0    1   0   0   0   0   0     0   0   0   0   0    1
wright,moses      tot PF  4   14    1    4   0   1   3    3   1    3    2   0   0   1   0   0     5   0   0   0   0   -7
york,gabe         ind SG  2   21    2    7   1   6   3    5   0    2    4   2   1   1   4   0     8   0   0   0   0   -4
young,thaddeus    san PF 26  370   74  129   0   5  10   22  40   94   59  22  30   8  38   0   158   0   0   0   1  -28
young,thaddeus    tor PF 26  473   67  144  17  43  13   27  39  114   45  31  22  11  43   0   164   0   0   0   0   50
young,thaddeus    tot PF 52  843  141  273  17  48  23   49  79  208  104  53  52  19  81   0   322   0   0   0   1   22
young,trae        atl PG 76 2648  711 1544 233 611 500  553  50  284  738  72 303   7 128   0  2155   0   0   0  76  159
yurtseven,omer    mia  C 56  707  130  247   1  11  38   61  85  294   50  17  41  20  84   1   299   0   0   0  12   63
zeller,cody       por  C 27  356   51   90   0   4  38   49  49  124   22   8  18   6  56   0   140   0   0   0   0  -28
zubac,ivica       lac  C 76 1851  310  495   0   0 165  227 217  643  120  37 113  77 203   1   785   0   0   0  76 -130
