Player           Team PS GP  Min  FGM  FGA  3M  3A FTM  FTA  OR   TR   AS  ST  TO  BK  PF  DQ   PTS  TC  EJ  FF Sta +/-
achiuwa,preciou   tor PF 55 1112  196  404  29 108  87  124 100  328   50  30  59  30 102   1   508   0   0   0  12  -37
adams,steven      mem  C 42 1116  157  263   0   1  47  129 214  486   97  36  79  46  98   1   361   0   0   0  42  243
adebayo,bam       mia  C 75 2561  602 1114   1  12 324  402 185  689  240  89 187  61 208   2  1529   0   0   0  75  117
agbaji,ochai      uta SG 58 1182  165  386  81 228  56   69  43  121   67  16  41  15  99   0   467   0   0   0  22  -23
aldama,santi      mem PF 77 1640  247  525  94 266 108  144  85  371   97  44  60  48 143   0   696   0   0   0  20   96
alexander-walke   min PG 23  344   48  125  26  72  13   21   7   42   32   8  10   7  30   0   135   0   0   0   0  -33
alexander-walke   uta SG 36  513   83  170  35  87  27   39   8   59   76  24  45  14  58   0   228   0   0   0   3  -18
alexander-walke   tot SG 59  857  131  295  61 159  40   60  15  101  108  32  55  21  88   0   363   0   0   0   3  -51
allen,grayson     mil SG 72 1936  245  556 146 365 114  126  61  237  163  62  72  14 117   0   750   0   0   0  70  227
allen,jarrett     cle  C 68 2181  403  626   1  10 162  221 219  664  113  53  93  84 153   0   969   0   0   0  68  355
alvarado,jose     nor PG 61 1281  201  489  83 247  65   80  28  141  186  67  81  10 125   0   550   0   0   0  10  105
anderson,kyle     min SF 69 1930  252  495  43 105 100  136  66  368  335  78 103  63 146   0   647   0   0   0  46   91
antetokounmpo,g   mil PF 63 1987  707 1279  47 171 498  772 139  744  359  52 247  51 197   3  1959   0   0   0  63  341
antetokounmpo,t   mil SF 37  192   20   46   0   8  11   22  15   44   15   3  12   3  22   0    51   0   0   0   0 -113
anthony,cole      orl PG 60 1520  277  610  75 206 152  170  47  287  235  37  91  31 158   1   781   0   0   0   4  -26
anunoby,og        tor SF 67 2356  421  886 142 367 140  167  95  332  131 128 132  50 200   1  1124   0   0   0  67  132
arcidiacono,rya   nyk PG 11   22    1    5   1   3   0    0   0    4    2   2   1   0   3   0     3   0   0   0   0    4
arcidiacono,rya   por PG  9  141    8   32   7  20   0    0   0   11   21   3   6   0  14   0    23   0   0   0   4  -44
arcidiacono,rya   tot PG 20  163    9   37   8  23   0    0   0   15   23   5   7   0  17   0    26   0   0   0   4  -40
avdija,deni       was SF 76 1984  253  579  69 232 122  165  74  487  212  65 123  29 209   0   697   0   0   0  40  -51
ayton,deandre     pho  C 67 1999  522  887   7  24 152  200 172  667  115  38 120  54 190   1  1203   0   0   0  67   -7
azubuike,udoka    uta  C 36  341   59   72   0   0   7   20  31  119   11   6  18  16  34   0   125   0   0   0   4  -83
bagley,marvin     det PF 42  967  202  383  19  66  81  108  94  269   36  19  46  30  81   0   504   0   0   0  25 -234
baldwin,patrick   gsw SF 31  211   43  109  32  84   4    6   1   40   11   6  11   4  14   0   122   0   0   0   0  -56
ball,lamelo       cha PG 36 1248  296  721 144 383 102  122  42  231  304  45 129  10 118   6   838   0   0   0  36 -150
bamba,mo          lal  C  9   84   11   27   5  16   6   11  11   41    4   1   8   5  19   1    33   0   0   0   1   -9
bamba,mo          orl  C 40  662  106  215  43 108  35   51  48  185   42  12  22  38  86   0   290   0   0   0   6   17
bamba,mo          tot  C 49  746  117  242  48 124  41   62  59  226   46  13  30  43 105   1   323   0   0   0   7    8
banchero,paolo    orl PF 72 2392  479 1122  85 285 394  534  84  497  269  59 200  39 160   1  1437   0   0   0  72 -215
bane,desmond      mem SG 58 1816  450  939 166 407 181  205  43  290  254  56 126  22 150   2  1247   0   0   0  58  356
banton,dalano     tor PG 31  261   55  131  15  51  17   24  11   45   36  13  18  13  34   0   142   0   0   0   2  -34
barlow,dominick   san SF 28  394   46   86   0   4  18   25  46  102   24  10  15  19  56   0   110   0   0   0   0 -108
barnes,harrison   sac SF 82 2620  374  792 132 353 350  413  88  367  128  57  86  10 103   0  1230   0   0   0  82  255
barnes,scottie    tor SF 77 2645  463 1016  63 224 190  246 179  512  370  83 154  61 170   0  1179   0   0   0  76  173
barrett,rj        nyk SG 73 2438  510 1177 121 390 290  392  60  369  201  31 164  15 179   3  1431   0   0   0  73  -65
barton,will       tor SG 16  204   28   79  14  42   2    2   5   26   17  11   3   3  17   0    72   0   0   0   2  -34
barton,will       was SF 40  765  110  284  52 137  35   45   9  109   95  17  45  10  39   0   307   0   0   0   0 -134
barton,will       tot SF 56  969  138  363  66 179  37   47  14  135  112  28  48  13  56   0   379   0   0   0   2 -168
bassey,charles    san  C 35  488   87  135   3   8  22   37  75  193   47  16  41  33  74   0   199   0   0   0   2  -34
bates-diop,keit   san SF 66 1418  236  465  56 142 119  150  65  248  103  46  56  20  63   0   647   0   0   0  42 -264
batum,nicolas     lac PF 78 1668  160  381 124 317  34   48  62  299  121  54  50  44 149   1   478   0   0   0  19  167
bazley,darius     okl PF 36  535   71  158  18  45  36   65  29  123   32  19  23  29  35   0   196   0   0   0   1  -33
bazley,darius     pho PF  7   57   12   25   2   8   2    5   5   16    6   3   5   5   9   0    28   0   0   0   0  -37
bazley,darius     tot PF 43  592   83  183  20  53  38   70  34  139   38  22  28  34  44   0   224   0   0   0   1  -70
beal,bradley      was SG 50 1647  444  878  80 220 192  228  41  196  271  45 145  33 107   1  1160   0   0   0  50   42
beasley,malik     lal SG 26  607  105  268  66 187  13   21   9   87   31  21  30   1  32   0   289   0   0   0  14  -16
beasley,malik     uta SG 55 1443  265  669 169 471  37   44  27  197   93  44  60   8  75   0   736   0   0   0  13  -78
beasley,malik     tot SG 81 2050  370  937 235 658  50   65  36  284  124  65  90   9 107   0  1025   0   0   0  27  -94
beauchamp,marjo   mil SG 52  677   96  243  47 142  27   37  38  115   35  21  45   7  71   1   266   0   0   0  11  -95
bertans,davis     dal SF 45  469   69  160  55 141  13   15  10   53   21  11  10   8  53   0   206   0   0   0   1  -37
beverley,patric   chi PG 22  596   47  119  25  81   8   15  20  107   76  23  18  16  63   3   127   0   0   0  22   10
beverley,patric   lal PG 45 1191   97  241  55 158  39   50  24  140  118  40  42  25 124   0   288   0   0   0  45  -90
beverley,patric   tot PG 67 1787  144  360  80 239  47   65  44  247  194  63  60  41 187   3   415   0   0   0  67  -80
bey,saddiq        atl SF 25  617  108  230  50 125  25   29  39  120   34  20  17   1  37   0   291   0   0   0   7  100
bey,saddiq        det SF 52 1475  245  607 101 293 180  209  59  242   84  50  54  11  86   0   771   0   0   0  30 -247
bey,saddiq        tot SF 77 2092  353  837 151 418 205  238  98  362  118  70  71  12 123   0  1062   0   0   0  37 -147
birch,khem        tor  C 20  153   19   32   1   2   4    5   8   25    7   5   8   5  24   0    43   0   0   0   0    6
bitadze,goga      ind  C 21  192   27   52   4  14  11   24  25   49   18   9  12  10  34   0    69   0   0   0   0   15
bitadze,goga      orl  C 17  247   42   73   2  12  12   18  36   88   21   7  10  16  30   1    98   0   0   0   1   11
bitadze,goga      tot  C 38  439   69  125   6  26  23   42  61  137   39  16  22  26  64   1   167   0   0   0   1   26
biyombo,bismack   pho  C 60  847  119  206   0   0  25   70  89  259   55  18  51  88 114   1   263   0   0   0  14   42
boeheim,buddy     det SG 10   86    5   27   4  25   2    2   2    6    4   2   0   0   6   0    16   0   0   0   0    3
bogdanovic,bogd   atl SG 54 1483  273  611 146 360  64   77  23  164  150  42  65  18  86   0   756   0   0   0   9   64
bogdanovic,boja   det SF 59 1866  430  881 145 353 268  303  36  223  152  34 135   8 113   0  1273   0   0   0  59 -330
bol,bol           orl  C 70 1471  261  478  30 113  82  108  69  405   69  30 112  85  92   0   634   0   0   0  33 -146
bolmaro,leandro   uta SG 14   62    3   19   0   4   0    0   4    7    7   2   7   1  10   0     6   0   0   0   0    2
booker,devin      pho SG 53 1810  527 1067 111 316 306  358  46  240  293  50 145  18 159   1  1471   0   0   0  53  247
boston,brandon    lac SG 22  237   51  122  12  29  29   38   7   30   20   9  12   0  21   0   143   0   0   0   1  -44
boucher,chris     tor PF 76 1491  261  528  62 189 128  168 157  421   29  47  41  63 143   0   712   0   0   0   0  -18
bouknight,james   cha SG 34  500   69  193  33 109  20   30   8   72   41  14  32   5  49   0   191   0   0   0   0  -95
bouyea,jamaree    mia PG  4   64    6   13   2   5   1    2   1    5    4   4   4   2   5   0    15   0   0   0   0  -21
bouyea,jamaree    was PG  1    5    0    1   0   1   0    0   0    1    0   0   0   0   1   0     0   0   0   0   0    4
bouyea,jamaree    tot PG  5   69    6   14   2   6   1    2   1    6    4   4   4   2   6   0    15   0   0   0   0  -17
bradley,tony      chi  C 11   29    6   12   3   5   4    4   1   10    1   1   1   1   2   0    19   0   0   0   0   11
branham,malaki    san SG 66 1514  268  610  77 255  58   70  28  181  127  34  76   7 115   0   671   0   0   0  32 -364
brantley,jarrell  uta PF  4   37    8   14   4   9   2    2   1    6    3   0   2   2   3   0    22   0   0   0   0   15
braun,christian   den SG 75 1139  143  289  34  96  40   64  48  181   59  41  35  17 101   0   360   0   0   0   6 -119
bridges,mikal     bro SF 26  911  239  503  68 181 160  179  23  121   72  26  49  16  43   0   706   0   0   0  26   -7
bridges,mikal     pho SF 56 2013  354  764 101 261 156  174  56  243  201  65  78  45 115   0   965   0   0   0  56   54
bridges,mikal     tot SF 82 2924  593 1267 169 442 316  353  79  364  273  91 127  61 158   0  1671   0   0   0  82   47
brissett,oshae    ind SF 65 1048  123  319  48 155 104  145  62  218   44  33  33  13  79   1   398   0   0   0   2   22
brogdon,malcolm   bos PG 67 1709  354  732 132 297 160  184  43  281  249  45  97  18 109   0  1000   0   0   0   0  182
brooks,dillon     mem SF 73 2180  392  991 143 439 120  154  45  244  189  65 104  16 240   6  1047   0   0   0  73  205
brown,bruce       den SF 80 2238  358  741  91 254 116  153  63  328  268  87 123  51 190   0   923   0   0   0  31   31
brown,greg        por PF 15   87   11   28   1   7   5   12   2   19    3   4   6   5  13   0    28   0   0   0   0   -5
brown,jaylen      bos SG 67 2373  679 1383 163 487 263  344  78  459  232  74 197  26 172   0  1784   0   0   0  67  256
brown,kendall     ind SG  6   37    4    7   0   1   1    2   2    6    3   4   2   0   9   0     9   0   0   0   0    4
brown,moses       bro  C  2    5    0    0   0   0   0    0   0    0    0   1   1   0   1   0     0   0   0   0   0   -6
brown,moses       lac  C 34  272   61   96   0   0  33   72  57  139    4   3  14  14  38   0   155   0   0   0   1   33
brown,moses       tot  C 36  277   61   96   0   0  33   72  57  139    4   4  15  14  39   0   155   0   0   0   1   27
brown,sterling    lal SG  4   22    0    4   0   2   0    0   3    8    2   3   0   0   4   0     0   0   0   0   0   -4
brown,troy        lal SF 76 1822  200  465 107 281  34   39  62  308   95  59  49  16 120   0   541   0   0   0  45  -15
brunson,jalen     nyk PG 68 2347  587 1194 134 322 325  392  40  241  420  61 142  15 152   0  1633   0   0   0  68  149
bryant,thomas     den  C 18  194   33   68   4   9  13   18  19   60    2   2  10   7  25   0    83   0   0   0   1  -57
bryant,thomas     lal  C 41  852  197  301  22  50  80  108  67  279   29  14  28  24  77   0   496   0   0   0  25  -37
bryant,thomas     tot  C 59 1046  230  369  26  59  93  126  86  339   31  16  38  31 102   0   579   0   0   0  26  -94
bullock,reggie    dal SF 78 2323  192  470 151 397  26   37  32  283  108  54  37  13 166   0   561   0   0   0  55  -88
burks,alec        det SG 51 1097  200  459  99 239 153  188  19  158  113  38  58   8  98   0   652   0   0   0   8   -7
burton,deonte     sac SG  2    6    0    2   0   1   0    0   0    0    0   0   0   0   0   0     0   0   0   0   0    5
butler,jimmy      mia SF 64 2107  479  888  36 103 472  555 139  373  340 117 101  21  80   0  1466   0   0   0  64   47
butler,john_jr    okl PF  6   73   15   32   7  14   0    0   1    4    8   5   5   0   5   0    37   0   0   0   1   -1
butler,john_jr    por PF 19  212   17   53   8  35   3    4   3   17   11   7   1   9  22   0    45   0   0   0   1  -70
butler,john_jr    tot PF 25  285   32   85  15  49   3    4   4   21   19  12   6   9  27   0    82   0   0   0   2  -71
cain,jamal        mia SF 17  230   37   66   7  20  17   22  15   52   12  11   6   1  21   0    98   0   0   0   0   22
caldwell-pope,k   den SG 76 2341  292  632 135 319 103  125  35  208  183 112  86  35 145   0   822   0   0   0  76  493
campazzo,facund   dal PG  7   48    3   13   3  11   1    2   0    2    9   6   3   0   3   0    10   0   0   0   0   11
cancar,vlatko     den SF 60  859  108  227  43 115  38   41  24  128   80  22  37  14  84   0   297   0   0   0   9  -66
capela,clint      atl  C 65 1702  350  536   0   1  79  131 257  716   58  45  54  79 139   0   779   0   0   0  63  -30
carey,vernon      was  C 11   23    2    8   0   0   2    2   3   11    3   2   2   2   5   0     6   0   0   0   0  -10
carter,jevon      mil PG 81 1771  239  565 142 336  31   38  35  202  197  66  79  30 158   1   651   0   0   0  39   62
carter,wendell    orl  C 57 1657  322  613  80 226 144  195 120  497  132  30 106  33 159   4   868   0   0   0  54  -41
caruso,alex       chi SG 67 1541  130  286  55 151  59   73  42  196  193  97  77  45 159   1   374   0   0   0  36  197
champagnie,juli   bos SF  2   22    2   12   1   5   0    0   2    4    3   1   0   0   1   0     5   0   0   0   0   -2
champagnie,juli   phi SF  2    6    0    2   0   1   0    0   0    0    0   1   0   0   0   0     0   0   0   0   0   -4
champagnie,juli   san SF 15  305   59  128  33  81  14   17  10   60   10   5  11   5  26   0   165   0   0   0   3  -69
champagnie,juli   tot SF 19  333   61  142  34  87  14   17  12   64   13   7  11   5  27   0   170   0   0   0   3  -75
champagnie,just   tor SF  3   10    3    3   0   0   0    0   1    4    1   0   0   0   1   0     6   0   0   0   0   -2
chandler,kenned   mem PG 36  265   35   83   2  15   6   13   9   38   58  12  18   5  15   0    78   0   0   0   0  -41
christie,max      lal SG 40  492   44  106  26  62  14   16   7   75   21   9  12   7  33   0   128   0   0   0   3  -77
christopher,jos   hou SG 64  759  153  329  21  89  45   60  20   71   73  33  60  15  59   0   372   0   0   0   2 -225
clarke,brandon    mem PF 56 1059  229  349   1   6  99  137  92  310   72  35  55  37 131   0   558   0   0   0   8  -14
clarkson,jordan   uta PG 61 1957  458 1031 155 459 200  245  72  246  270  33 186  13 120   1  1271   0   0   0  61   35
claxton,nic       bro PF 76 2235  414  587   0   2 133  246 184  702  144  64  96 189 212   2   961   0   0   0  76  119
coffey,amir       lac SG 50  604   56  145  11  40  49   63  17   53   53   7  21   5  50   1   172   0   0   0   9 -114
collins,john      atl PF 71 2094  359  707  70 240 143  178  77  462   85  42  79  73 220   6   931   0   0   0  71  -21
collins,zach      san PF 63 1411  284  548  55 147 108  142 117  402  180  38 129  49 199   7   731   0   0   0  26 -239
comanche,chance   por  C  1   20    3    5   0   0   1    4   2    3    0   0   0   1   0   0     7   0   0   0   0  -29
conley,mike       min PG 24  741  108  235  58 138  63   73  16   75  120  29  29   4  45   1   337   0   0   0  24   32
conley,mike       uta PG 43 1255  153  374  77 213  78   96  17  107  330  44  74  10  94   0   461   0   0   0  42   28
conley,mike       tot PG 67 1996  261  609 135 351 141  169  33  182  450  73 103  14 139   1   798   0   0   0  66   60
connaughton,pat   mil SG 61 1413  165  421 109 322  27   41  50  283   78  37  33  11  69   0   466   0   0   0  33  137
cooks,xavier      was SF 10  123   17   28   0   1   4   10  16   38    6   6   8   4  13   0    38   0   0   0   1   19
covington,rober   lac PF 48  756  102  229  54 136  30   40  32  167   57  38  32  33  86   0   288   0   0   0   0   -7
craig,torrey      pho SF 79 1909  228  500 100 254  32   45 144  424  117  50  72  59 179   0   588   0   0   0  60 -177
crowder,jae       mil PF 18  331   45   94  24  55  10   12  17   69   27  12   7   6  27   0   124   0   0   0   3    0
culver,jarrett    atl SG 10  131   17   43   1  12   9   13  10   38    6   6   7   2  14   1    44   0   0   0   1  -19
cunningham,cade   det PG 12  396   93  224  17  61  36   43  12   74   72  10  39   7  34   0   239   0   0   0  12  -60
curry,seth        bro SG 61 1177  208  449  94 232  51   55  13  100   99  36  51   7  96   0   561   0   0   0   7  -69
curry,stephen     gsw PG 56 1912  559 1133 273 639 257  281  39  341  352  52 179  20 117   0  1648   0   0   0  56  267
daniels,dyson     nor SG 58 1016   87  209  27  86  24   38  36  188  134  43  57  11  99   0   225   0   0   0  11   -9
davis,anthony     lal PF 56 1878  542  963  19  74 348  444 195  703  148  59 122 114 146   0  1451   0   0   0  54  205
davis,johnny      was PG 28  408   66  171  17  70  14   27   9   63   28  10  16   8  48   0   163   0   0   0   5  -54
davis,terence     sac SG 64  812  154  364  89 243  34   43  20  139   67  43  53  12 104   1   431   0   0   0   5   47
davison,jd        bos SG 12   61    8   19   2   7   1    2   2    9   11   2   4   2   5   0    19   0   0   0   0   -6
days,darius       hou SF  4   23    5   12   3  10   2    2   1    6    1   0   0   1   2   0    15   0   0   0   0    1
dedmon,dewayne    mia  C 30  333   64  129  11  37  32   44  28  109   16   7  19  14  61   0   171   0   0   0   0 -101
dedmon,dewayne    phi  C  8   72   13   22   1   2   1    5   6   25   10   2   6   5  14   0    28   0   0   0   1  -23
dedmon,dewayne    tot  C 38  405   77  151  12  39  33   49  34  134   26   9  25  19  75   0   199   0   0   0   1 -124
dellavedova,mat   sac PG 31  198   17   50   9  27   4    7   1   13   41   7  10   0  20   0    47   0   0   0   0  -49
derozan,demar     chi SF 74 2638  657 1303  46 142 456  523  34  343  377  83 153  36 186   0  1816   0   0   0  74   66
diabate,moussa    lac SF 22  185   24   47   1   2  10   16  31   50    4   7   9   8  15   0    59   0   0   0   1  -22
diakite,mamadi    cle SF 21  165   24   50   7  21   2    2   8   30    8   4  12   9  26   0    57   0   0   0   2   -5
diallo,hamidou    det SG 56  972  215  375   5  21  87  148  57  194   56  53  71  16 124   2   522   0   0   0   0  -16
dieng,gorgui      san  C 31  345   45  117  21  75  10   13  27  107   53   4  32  14  57   0   121   0   0   0   1 -152
dieng,ousmane     okl SF 39  551   76  181  26  98  15   23  19  105   46  14  26   7  42   0   193   0   0   0   1   39
dinwiddie,spenc   bro PG 26  906  144  356  43 149  98  123   9  107  236  28  55   8  63   0   429   0   0   0  26   67
dinwiddie,spenc   dal PG 53 1781  316  694 138 341 170  207  19  163  278  39  89  16 124   0   940   0   0   0  53  -77
dinwiddie,spenc   tot PG 79 2687  460 1050 181 490 268  330  28  270  514  67 144  24 187   0  1369   0   0   0  79  -10
divincenzo,dont   gsw SG 72 1857  235  540 150 378  58   71  80  325  252  97 112  10 133   0   678   0   0   0  36  124
doncic,luka       dal PG 66 2360  719 1449 185 541 515  694  54  569  529  90 236  33 166   1  2138   0   0   0  66  128
dorsey,tyler      dal PG  3    7    4    5   1   2   0    0   1    2    0   0   0   0   0   0     9   0   0   0   0    2
dort,luguentz     okl SF 74 2235  339  873 135 408 200  259 128  344  154  75  92  23 243   3  1013   0   0   0  73   32
dosunmu,ayo       chi SG 80 2055  281  570  59 189  66   82  45  218  206  62  99  26 182   0   687   0   0   0  51  -77
dotson,devon      was PG  6   51    1    9   1   3   0    0   6   10    8   5   3   0   9   0     3   0   0   0   0   -3
dowtin,jeff       tor PG 25  247   25   57   5  16   6    9   6   23   31   9   5   3  13   0    61   0   0   0   0   -9
dozier,pj         sac PG 13   75   10   33   2  16   0    0   1   14   10   6   5   1   7   0    22   0   0   0   0  -23
dragic,goran      chi PG 51  763  127  299  45 128  27   41  13   69  139  11  56   4  63   0   326   0   0   0   0   31
dragic,goran      mil PG  7   79   14   36   7  17   4    4   3   12   12   2   7   0   2   0    39   0   0   0   0  -26
dragic,goran      tot PG 58  842  141  335  52 145  31   45  16   81  151  13  63   4  65   0   365   0   0   0   0    5
drummond,andre    chi  C 67  815  166  274   0   3  67  125 139  445   33  45  75  27 117   0   399   0   0   0   0   25
duarte,chris      ind SG 46  873  123  333  55 173  61   72  19  115   64  26  41   9  65   0   362   0   0   0  12 -114
duke,david        bro SF 23  216   36   78   1  12  12   17  11   29   21  10  18   1  31   1    85   0   0   0   1  -35
dunn,kris         uta PG 22  557  116  216  17  36  41   53   9  100  124  25  35  10  58   0   290   0   0   0   3  -62
durant,kevin      bro PF 39 1381  410  735  71 189 267  286  14  262  207  32 135  58  92   1  1158   0   0   0  39  189
durant,kevin      pho PF  8  264   73  128  22  41  40   48   3   51   28   2  20  10   7   0   208   0   0   0   8   69
durant,kevin      tot PF 47 1645  483  863  93 230 307  334  17  313  235  34 155  68  99   1  1366   0   0   0  47  258
duren,jalen       det  C 67 1638  258  398   0   2  96  157 229  595   75  44  92  59 182   0   612   0   0   0  31 -279
eason,tari        hou SF 82 1729  296  660  59 172 109  145 195  496   88  96 101  46 189   0   760   0   0   0   5 -156
edwards,anthony   min SF 79 2800  707 1542 213 579 319  422  47  458  350 125 260  59 186   0  1946   0   0   0  79   96
edwards,kessler   bro SF 14   73    6   24   2  12   1    2   6   14    2   3   4   1   3   0    15   0   0   0   1    3
edwards,kessler   sac SF 20  295   30   69  15  43  10   13  17   47   21  11   9   5  37   0    85   0   0   0   3    4
edwards,kessler   tot SF 34  368   36   93  17  55  11   15  23   61   23  14  13   6  40   0   100   0   0   0   4    7
ellis,keon        sac SG 15   67    7   16   6  12   4    7   4    8    6   5   1   1  10   0    24   0   0   0   0  -21
embiid,joel       phi  C 66 2251  728 1328  66 200 661  771 113  671  274  66 225 112 205   2  2183   0   0   0  66  424
eubanks,drew      por PF 78 1553  214  334   7  18  83  125 132  418  103  41  67 102 169   1   518   0   0   0  28 -122
fernando,bruno    atl PF  8   38   11   19   0   3   5    6   6   15    1   0   5   3   6   0    27   0   0   0   0   -4
fernando,bruno    hou PF 31  350   48   93   0   1  30   44  48  122   30   6  20  31  68   0   126   0   0   0   4  -71
fernando,bruno    tot PF 39  388   59  112   0   4  35   50  54  137   31   6  25  34  74   0   153   0   0   0   4  -75
finney-smith,do   bro PF 26  710   67  191  37 121  15   19  47  128   41  17  26  16  64   0   186   0   0   0  26  -24
finney-smith,do   dal PF 40 1268  129  310  77 217  30   40  67  188   60  38  36  20  80   2   365   0   0   0  40   17
finney-smith,do   tot PF 66 1978  196  501 114 338  45   59 114  316  101  55  62  36 144   2   551   0   0   0  66   -7
flynn,malachi     tor PG 53  667   87  242  47 133  25   33  15   76   70  21  25   4  65   1   246   0   0   0   2  -40
fontecchio,simo   uta SF 51  741  115  312  63 191  35   44  31   86   42  15  39   8  62   0   328   0   0   0   6 -205
forbes,bryn       min SG 25  253   30   83  14  46  15   15   4   15   17   7  12   2  22   0    89   0   0   0   0  -49
forrest,trent     atl SG 23  266   25   60   0   2   2    3   5   37   38   7  15   2  17   0    52   0   0   0   3  -58
foster,michael    phi SF  1    1    0    0   0   0   0    0   0    0    0   0   0   0   0   0     0   0   0   0   0   -2
fournier,evan     nyk SG 27  445   56  166  35 114  18   21   4   49   36  16  22   3  46   2   165   0   0   0   7  -54
fox,de'aaron      sac PG 73 2400  682 1329 119 366 343  440  40  306  447  83 181  23 173   0  1826   0   0   0  73  176
fultz,markelle    orl PG 60 1749  349  679  27  87 112  143  69  234  341  87 139  26 131   1   837   0   0   0  60 -130
gabriel,wenyen    lal SF 68  994  155  260  10  36  52   84 116  286   36  26  46  35 144   2   372   0   0   0   2  -31
gafford,daniel    was  C 78 1564  289  395   0   0 127  187 163  434   84  33  86  99 187   2   705   0   0   0  47  -95
garland,darius    cle PG 69 2413  522 1129 169 412 277  321  28  185  539  87 199   9 148   0  1490   0   0   0  69  441
garuba,usman      hou PF 75  936   86  178  24  60  29   47 120  307   64  44  47  29 135   1   225   0   0   0   1 -253
garza,luka        min  C 28  232   63  116  14  39  41   52  33   63   18   3  14   2  43   0   181   0   0   0   0   18
gay,rudy          uta SF 56  789  109  287  33 130  42   49  33  163   57  19  37  18  68   0   293   0   0   0   0   57
george,paul       lac SG 56 1908  460 1005 159 427 256  294  45  342  287  83 176  20 159   0  1335   0   0   0  56  155
gibson,taj        was SF 48  455   65  125   8  24  30   42  32   93   34  15  26  12  84   2   168   0   0   0   2   -4
giddey,josh       okl SG 76 2330  539 1118  76 234 106  145 148  599  469  57 211  31 143   1  1260   0   0   0  76 -107
gilgeous-alexan   okl PG 68 2383  704 1381  58 168 669  739  59  329  371 112 192  65 192   2  2135   0   0   0  68  149
gill,anthony      was PF 59  596   71  132   4  29  49   67  37   99   34   7  15  12  70   0   195   0   0   0   8  -12
gilyard,jacob     mem PG  1   40    1    3   1   3   0    0   0    4    7   3   2   0   3   0     3   0   0   0   0  -13
gobert,rudy       min  C 70 2119  360  546   0   3 219  340 231  814   87  57 122  95 210   2   939   0   0   0  70   -7
goodwin,jordan    was PG 61 1076  158  353  38 118  53   69  57  205  168  58  57  26  95   0   407   0   0   0   7 -117
gordon,aaron      den PF 68 2020  429  761  60 173 191  314 164  446  203  54  98  51 129   1  1109   0   0   0  68  523
gordon,eric       hou SG 47 1395  210  478  85 245 110  135  12   97  136  30  83  17  45   0   615   0   0   0  47 -207
gordon,eric       lac SG 22  539   81  175  47 111  32   38   4   37   47  13  21   8  33   0   241   0   0   0  11   -2
gordon,eric       tot SG 69 1934  291  653 132 356 142  173  16  134  183  43 104  25  78   0   856   0   0   0  58 -209
graham,devonte'   nor PG 53  787   85  231  66 190  44   59  12   72  116  30  27  10  48   0   280   0   0   0   0   27
graham,devonte'   san SG 20  518   76  200  53 148  54   72   7   50   81  14  26   6  31   0   259   0   0   0   8 -186
graham,devonte'   tot SG 73 1305  161  431 119 338  98  131  19  122  197  44  53  16  79   0   539   0   0   0   8 -159
grant,jerami      por SF 63 2215  434  913 144 360 278  342  53  283  150  51 116  53 152   1  1290   0   0   0  63  -35
gray,raiquan      bro PF  1   35    6   12   2   5   2    2   3    9    7   0   4   1   5   0    16   0   0   0   0  -14
green,aj          mil PG 34  331   53  125  44 105   4    4   6   45   22   5   9   0  31   0   154   0   0   0   1  -29
green,danny       cle SG  8   91   19   38  13  29   1    1   2   10    4   5   7   3  11   0    52   0   0   0   0  -14
green,danny       mem SF  3   41    3   11   3   8   0    0   1    4    2   1   3   0   6   0     9   0   0   0   0   -3
green,danny       tot SF 11  132   22   49  16  37   1    1   3   14    6   6  10   3  17   0    61   0   0   0   0  -17
green,draymond    gsw PF 73 2262  250  474  40 131  77  108  66  525  500  73 204  60 229   4   617   0   0   0  73  350
green,jalen       hou SG 76 2565  566 1358 187 554 364  463  43  284  281  59 200  18 131   1  1683   0   0   0  76 -447
green,jamychal    gsw SF 57  766  136  252  42 111  52   67  73  206   51  24  53  23 102   1   366   0   0   0   1 -156
green,javonte     chi SF 32  465   61  108  13  35  30   45  27   88   23  24  20  21  52   1   165   0   0   0   1   48
green,jeff        den PF 56 1067  160  328  30 104  87  117  38  144   69  18  46  17  99   0   437   0   0   0   4 -197
green,josh        dal SG 60 1512  205  382  68 169  68   94  55  182  103  42  72   5 156   1   546   0   0   0  21   76
griffin,aj        atl SF 72 1367  248  532 101 259  42   47  37  153   73  42  42  12  87   0   639   0   0   0  12   63
griffin,blake     bos PF 41  554   63  130  23  66  21   32  47  155   61  14  22   9  75   1   170   0   0   0  16  102
grimes,quentin    nyk SG 71 2086  282  602 157 407  78   98  49  229  150  47  70  26 177   1   799   0   0   0  66  186
hachimura,rui     lal PF 33  721  126  260  21  71  44   61  34  155   23   8  17  14  33   0   317   0   0   0   9   41
hachimura,rui     was PF 30  710  158  324  30  89  44   58  19  128   35  12  36  12  39   0   390   0   0   0   0  -69
hachimura,rui     tot PF 63 1431  284  584  51 160  88  119  53  283   58  20  53  26  72   0   707   0   0   0   9  -28
haliburton,tyre   ind PG 56 1861  412  841 161 402 175  201  33  205  584  91 141  25  69   0  1160   0   0   0  56  -35
hall,jordan       san SG  9   74    9   28   3  15   7    9   3   12   11   1   7   0   6   0    28   0   0   0   0  -16
hampton,r.j.      det PG 21  378   52  123  23  63  26   39   9   48   20  11  21   5  30   0   153   0   0   0   3 -104
hampton,r.j.      orl PG 26  349   50  114  18  53  31   37   9   39   34  16  21   4  22   0   149   0   0   0   0  -36
hampton,r.j.      tot PG 47  727  102  237  41 116  57   76  18   87   54  27  42   9  52   0   302   0   0   0   3 -140
hardaway,tim      dal SF 71 2122  340  847 212 550 127  165  21  251  129  49  60  12 120   0  1019   0   0   0  45  160
harden,james      phi SG 58 2109  371  843 161 418 313  361  40  354  618  71 195  31 112   0  1216   0   0   0  58  277
hardy,jaden       dal PG 47  687  146  333  63 156  65   79  11   89   65  17  47   7  64   0   420   0   0   0   5  -32
harper,ronjr      tor SG  9   43    8   16   3   9   1    1   3    7    4   0   0   1   3   0    20   0   0   0   0   19
harrell,montrez   phi  C 57  652  126  209   0   6  70  101  67  159   33  17  35  25  75   0   322   0   0   0   7   19
harris,gary       orl SG 48 1159  138  306  94 217  27   30  21   98   59  45  28  12  93   0   397   0   0   0  42  -82
harris,joe        bro SF 74 1494  201  440 142 333  18   28  23  164  101  34  41  13 140   2   562   0   0   0  33  -23
harris,kevon      orl SG 34  441   47  107  16  43  31   41  28   70   16  17  21   5  53   0   141   0   0   0   0    0
harris,tobias     phi PF 74 2400  423  845 126 324 113  129  67  424  186  68  89  40 149   1  1085   0   0   0  74  296
harrison,shaquil  por PG  5  118   15   36   3  10  11   15   1   22   30  11   6   2  12   0    44   0   0   0   0   -1
hart,josh         nyk SG 25  736   92  157  27  52  45   57  47  176   90  34  38  12  62   0   256   0   0   0   1  191
hart,josh         por SG 51 1681  183  363  34 112  87  119  95  417  200  54  79   9 133   1   487   0   0   0  51  124
hart,josh         tot SG 76 2417  275  520  61 164 132  176 142  593  290  88 117  21 195   1   743   0   0   0  52  315
hartenstein,isa   nyk  C 82 1584  175  327   8  37  48   71 209  535  102  53  66  64 213   1   406   0   0   0   8  147
haslem,udonis     mia PF  7   67   10   29   3   9   4    5   4   11    0   1   1   2  11   0    27   0   0   0   1  -22
hauser,sam        bos SF 80 1253  180  396 140 335  12   17  35  204   71  29  30  21  99   0   512   0   0   0   8  219
hayes,jaxson      nor  C 47  588   86  156   3  29  58   83  39  132   34  20  31  19  67   0   233   0   0   0   2  -70
hayes,killian     det PG 76 2118  307  815  80 286  92  112  28  221  470 105 173  28 218   2   786   0   0   0  56 -499
hayward,gordon    cha SF 50 1555  276  581  52 160 129  159  33  215  205  42  99  12  70   0   733   0   0   0  50 -108
hernangomez,jua   tor PF 42  592   48  114  17  67   9   16  27  123   25  16  15   6  43   0   122   0   0   0  10   13
hernangomez,wil   nor  C 37  440   89  169   3  11  81  104  58  180   33  17  39  13  64   0   262   0   0   0   2   19
herro,tyler       mia PG 67 2302  487 1109 203 537 170  182  27  360  280  51 158  16 101   0  1347   0   0   0  67  165
hield,buddy       ind SG 80 2440  475 1038 288 677 106  129  67  400  225  92 139  26 156   1  1344   0   0   0  73  -84
highsmith,haywo   mia SF 52  944   93  216  37 109  13   28  56  187   43  36  45  17  82   1   236   0   0   0  11 -105
hill,george       ind SG 11  159   19   34  11  21   8    9   2   18   21   7   7   3  14   0    57   0   0   0   1   23
hill,george       mil PG 35  650   59  132  23  74  34   46  13   67   89  19  27   3  41   0   175   0   0   0   0   18
hill,george       tot PG 46  809   78  166  34  95  42   55  15   85  110  26  34   6  55   0   232   0   0   0   1   41
hill,malcolm      chi SF  3    8    2    4   1   3   0    0   0    2    0   0   0   0   1   0     5   0   0   0   0    9
holiday,aaron     atl PG 63  814   92  220  36  88  27   32  25   74   89  37  36  12  79   0   247   0   0   0   6   17
holiday,jrue      mil PG 67 2152  490 1023 158 411 152  177  78  340  494  79 197  25 116   0  1290   0   0   0  65  481
holiday,justin    atl SF 28  396   48  125  30  87   0    0   2   23   25   5  12  10  37   0   126   0   0   0   0  -66
holiday,justin    dal SF 18  289   29   79  16  56   5    8   3   32   16  14  10   9  31   0    79   0   0   0   2  -63
holiday,justin    tot SF 46  685   77  204  46 143   5    8   5   55   41  19  22  19  68   0   205   0   0   0   2 -129
holmes,richaun    sac  C 41  329   55   89   5   8  15   19  29   80    9   3  14  11  50   0   130   0   0   0   1  -69
horford,al        bos  C 63 1891  228  479 145 325  15   21  73  390  189  30  38  61 121   0   616   0   0   0  63  307
horton-tucker,t   uta SG 65 1283  257  613  58 203 126  168  41  210  246  41 126  29 108   0   698   0   0   0  20   -8
house,danuel      phi SF 54  782   93  197  37 110  45   60   9   93   44  14  26   9  69   0   268   0   0   0   5  -16
houstan,caleb     orl SF 51  791   66  183  46 136  15   18  34   99   30  13  18   7  63   0   193   0   0   0   4  -84
hudgins,trevor    hou PG  5   25    2    9   2   8   3    3   0    0    3   0   1   0   1   0     9   0   0   0   0    3
huerter,kevin     sac SG 75 2163  420  866 205 510  95  131  42  251  221  80  97  24 181   0  1140   0   0   0  75  222
huff,jay          was  C  7   91   15   25   6  12  15   16   6   21   10   3   5   4  15   0    51   0   0   0   0   -7
hunter,de'andre   atl SF 67 2097  379  822 100 286 171  207  46  284   94  35  82  17 199   1  1029   0   0   0  67  -18
hyland,bones      den PG 42  803  173  434  91 241  71   82  10   86  125  28  67  13  66   0   508   0   0   0   1 -144
hyland,bones      lac PG 14  256   55  137  26  74  15   20  10   49   47  11  15   2  30   1   151   0   0   0   0   15
hyland,bones      tot PG 56 1059  228  571 117 315  86  102  20  135  172  39  82  15  96   1   659   0   0   0   1 -129
ibaka,serge       mil  C 16  178   26   54   6  18   8   13  15   44    4   2  11   7  23   0    66   0   0   0   0  -25
iguodala,andre    gsw SF  8  108    7   15   1   9   2    3   3   17   19   4   9   3  11   0    17   0   0   0   0   35
ingles,joe        mil SG 46 1023  108  248  83 203  18   21  13  128  150  33  55   6  74   0   317   0   0   0   0   80
ingram,brandon    nor SF 45 1516  404  834  64 164 240  272  23  246  262  32 148  19 116   2  1112   0   0   0  45   96
irving,kyrie      bro PG 40 1462  398  819 130 348 158  179  38  204  210  43  91  33 109   0  1084   0   0   0  40  124
irving,kyrie      dal PG 20  752  196  384  58 148  89   94  21  100  120  25  37  12  56   0   539   0   0   0  20   96
irving,kyrie      tot PG 60 2214  594 1203 188 496 247  273  59  304  330  68 128  45 165   0  1623   0   0   0  60  220
isaac,jonathan    orl PF 11  118   22   53   6  15   5    9  15   44    6  14   4   4   5   0    55   0   0   0   0  -19
ivey,jaden        det PG 74 2268  409  983 120 350 266  356  73  289  387  61 237  17 242   5  1204   0   0   0  73 -642
jackson,frank     uta SG  1    5    0    3   0   1   0    0   1    2    1   0   0   0   0   0     0   0   0   0   0   -2
jackson,isaiah    ind SF 63 1015  179  318   2  14  95  146 113  282   51  30  52  93 154   0   455   0   0   0  12 -124
jackson,jaren     mem PF 63 1755  416  822 100 282 241  306 108  426   60  65 107 189 227   4  1173   0   0   0  63  361
jackson,justin    bos SF 23   99    7   27   5  20   1    2   2   17    9   4   2   4   7   0    20   0   0   0   0  -71
jackson,quenton   was PG  9  129   19   42   1  12  17   22   2    8   15   4   4   1  10   0    56   0   0   0   0  -17
jackson,reggie    den PG 16  314   49  128  19  68  10   12   3   28   50   9  19   1  22   0   127   0   0   0   2  -52
jackson,reggie    lac PG 52 1313  214  512  77 220  61   66  21  116  183  38  96   5  92   0   566   0   0   0  38  -27
jackson,reggie    tot PG 68 1627  263  640  96 288  71   78  24  144  233  47 115   6 114   0   693   0   0   0  40  -79
james,lebron      lal SF 55 1925  609 1217 121 377 251  327  64  456  375  50 178  32  88   0  1590   0   0   0  54  214
jerome,ty         gsw SG 45  792  118  242  35  90  38   41   7   79  134  23  30   5  64   0   309   0   0   0   2  -92
joe,isaiah        okl SG 71 1360  224  508 161 394  82  100  27  175   88  48  39   8 105   1   691   0   0   0  10  215
johnson,alize     san SF  4   27    3    6   0   2   1    2   2   10    1   1   4   0   3   0     7   0   0   0   0   12
johnson,cameron   bro SF 25  759  141  301  58 156  74   87  20  120   52  35  27   8  54   1   414   0   0   0  25   58
johnson,cameron   pho SF 17  421   82  173  45  99  27   33  14   65   26  15  10   6  29   0   236   0   0   0  16   97
johnson,cameron   tot SF 42 1180  223  474 103 255 101  120  34  185   78  50  37  14  83   1   650   0   0   0  41  155
johnson,jalen     atl SF 69 1009  158  322  30 104  49   78  51  283   83  38  41  34 113   1   395   0   0   0   6  -10
johnson,james     ind PF 18  152   22   49   3  15   4    8   4   30   15   7   8   6  32   1    51   0   0   0   1   -7
johnson,keldon    san SF 63 2031  503 1113 134 407 245  327  56  318  183  46 134  11 125   2  1385   0   0   0  63 -489
johnson,keon      por SG 38  398   66  177  27  80  27   41  11   44   59  19  43   6  42   0   186   0   0   0   0 -152
johnson,stanley   san SF 30  453   66  123  18  40  26   39  22   95   67  16  33   6  48   0   176   0   0   0   0  -92
jokic,nikola      den  C 69 2291  646 1022  57 149 341  415 167  817  678  87 247  47 174   0  1690   0   0   0  69  640
jones,carlik      chi PG  7   54    6   15   3   6   5    8   1    5    6   2   2   0   2   0    20   0   0   0   0   26
jones,damian      lal  C 21  169   20   37   0   3  15   20  18   55    4   3   9  12  17   0    55   0   0   0   1  -34
jones,damian      uta  C 19  293   35   49  10  14   7    9  24   67   11   5  14   9  38   0    87   0   0   0   0  -49
jones,damian      tot  C 40  462   55   86  10  17  22   29  42  122   15   8  23  21  55   0   142   0   0   0   1  -83
jones,derrick     chi SF 64  864  115  230  27  80  62   84  60  154   34  29  25  37  86   0   319   0   0   0   0  124
jones,herbert     nor SF 66 1914  235  501  56 167 123  161  97  269  162 104  88  42 208   4   649   0   0   0  66  150
jones,kai         cha PF 46  523   67  120   4  19  19   26  37  123   15  17  31  30  65   1   157   0   0   0   0  -32
jones,tre         san PG 68 1951  341  743  45 158 148  172  55  246  448  88 110  10  98   0   875   0   0   0  65 -324
jones,tyus        mem PG 80 1900  311  710 121 326  80  100  28  200  417  83  74   6  32   0   823   0   0   0  22   95
jordan,deandre    den  C 39  566   88  115   1   1  22   48  52  202   34  12  48  23  71   1   199   0   0   0   8 -119
joseph,cory       det PG 62 1196  150  351  70 180  57   72  21  106  217  34  56   9  88   0   427   0   0   0   2 -110
jovic,nikola      mia SF 14  197   28   69   8  35  18   19   9   31   10   7  10   2  19   0    82   0   0   0   8  -16
juzang,johnny     uta SG 18  223   35  104  15  63   2    4   8   39    8   4   3   3  13   0    87   0   0   0   0  -87
kabengele,mfion   bos  C  4   34    2    7   0   3   2    2   5   10    0   2   1   0   3   0     6   0   0   0   0   -5
kaminsky,frank    atl PF 26  165   25   44  11  23  10   12   3   36   21   5   9   1  21   0    71   0   0   0   0    1
kaminsky,frank    hou  C  9   55    6   19   2  10   4    4   4   16   11   1   0   3   1   0    18   0   0   0   0   -6
kaminsky,frank    tot  C 35  220   31   63  13  33  14   16   7   52   32   6   9   4  22   0    89   0   0   0   0   -5
keels,trevor      nyk SF  3    7    1    4   1   4   0    0   0    2    0   0   0   0   0   0     3   0   0   0   0  -18
kennard,luke      lac SG 35  706   98  211  59 132  19   20   6   83   37  19  30   4  47   0   274   0   0   0  11   94
kennard,luke      mem SG 24  575   90  171  74 137  18   19   9   75   54  13  16   1  35   0   272   0   0   0   3  116
kennard,luke      tot SG 59 1281  188  382 133 269  37   39  15  158   91  32  46   5  82   0   546   0   0   0  14  210
kessler,walker    uta  C 74 1671  298  414   1   3  82  159 231  621   68  26  58 173 169   0   679   0   0   0  40   68
key,braxton       det PF  3    8    1    1   0   0   2    2   0    1    0   0   0   0   0   0     4   0   0   0   0   -3
king,louis        phi SF  1   28    8   13   4   8   0    1   2    4    2   1   2   0   4   0    20   0   0   0   0    2
kispert,corey     was SF 74 2057  291  586 163 385  75   88  33  207   86  32  56   9  97   0   820   0   0   0  45 -124
kleber,maxi       dal PF 37  912   77  169  39 112  27   38  30  135   52  12  27  30  85   0   220   0   0   0   5  -43
knight,nathan     min SF 38  274   46   81   8  22  39   57  22   55   13  10  21   6  41   0   139   0   0   0   0   -9
knox,kevin        det SF 42  575   84  179  43 116  26   33  20  108   15  14  32  12  74   0   237   0   0   0   1  -86
knox,kevin        por SF 21  350   68  153  22  70  20   27  14   69   18  10  18   0  21   0   178   0   0   0   4 -140
knox,kevin        tot SF 63  925  152  332  65 186  46   60  34  177   33  24  50  12  95   0   415   0   0   0   5 -226
koloko,christia   tor SF 58  775   72  150   1  12  37   59  84  171   31  21  20  57 128   1   182   0   0   0  19  156
konchar,john      mem SG 72 1459  138  320  60 177  28   36  63  309  100  76  37  25 112   0   364   0   0   0  23  208
korkmaz,furkan    phi SG 36  336   48  111  18  46  26   36   6   42   22  10  24   3  17   0   140   0   0   0   0    2
kornet,luke       bos  C 69  770  113  170   3  13  32   39  86  197   53  11  25  47  81   0   261   0   0   0   0   64
krejci,vit        atl SG 29  153   15   37   5  21   1    2   7   27   17   5   5   1  17   0    36   0   0   0   0   -3
kuminga,jonatha   gsw PF 67 1362  261  497  54 146  90  138  70  231  125  41  95  30 157   2   666   0   0   0  16  -50
kuzma,kyle        was SF 64 2203  512 1141 160 480 173  237  56  464  239  36 190  29 145   2  1357   0   0   0  64   10
lamb,anthony      gsw SF 62 1164  148  314  73 199  46   60  56  215   96  28  54  20 134   1   415   0   0   0   4   28
landale,jock      pho  C 69  946  178  337  21  84  79  105 119  280   68  16  59  31 126   1   456   0   0   0   4  141
langford,romeo    san SG 42  829  121  259  16  61  39   56  57  113   50  24  30  13  67   0   297   0   0   0  21 -184
laravia,jake      mem SF 35  398   37   95  24  71   7    9  19   63   21  12  18   4  49   0   105   0   0   0   0  -78
lavine,zach       chi SG 77 2730  673 1388 204 544 363  428  42  346  325  69 194  18 159   0  1913   0   0   0  77   19
lawson,aj         dal SG 12  102   21   43  10  25   2    8   6   20    2   2   2   0  10   0    54   0   0   0   0  -43
lawson,aj         min SG  1    1    1    1   0   0   0    0   0    1    0   0   0   0   1   0     2   0   0   0   0   -5
lawson,aj         tot SG 13  103   22   44  10  25   2    8   6   21    2   2   2   0  11   0    56   0   0   0   0  -48
lee,damion        pho SG 74 1466  200  452 110 247  94  104  40  226   99  30  78   7 118   1   604   0   0   0   5   74
lee,saben         phi PG  2    9    3    4   0   1   0    0   0    0    2   1   3   0   1   0     6   0   0   0   0    5
lee,saben         pho PG 23  352   46  117  11  29  42   57  13   45   64  18  21   1  31   0   145   0   0   0   1  -35
lee,saben         tot PG 25  361   49  121  11  30  42   57  13   45   66  19  24   1  32   0   151   0   0   0   1  -30
len,alex          sac  C 24  149   16   30   0   2  11   16  24   60   12   4  16  11  28   0    43   0   0   0   2   17
leonard,kawhi     lac SF 52 1721  446  871 104 250 243  279  57  338  204  72  88  28  84   0  1239   0   0   0  50  218
leonard,myers     mil  C  9  109   14   29   7  18   8    9  12   34    1   2   6   0  16   0    43   0   0   0   2  -27
levert,caris      cle SG 74 2204  320  742 127 324 128  178  54  282  287  72 116  24 170   1   895   0   0   0  30  184
lewis,kira        nor PG 25  221   40   88  15  34  19   22   5   33   23  10  10   2  24   0   114   0   0   0   0   62
lillard,damian    por PG 58 2075  556 1202 244 658 510  558  44  277  425  50 191  18 109   0  1866   0   0   0  58  105
little,nassir     por SF 54  949  134  304  58 159  33   46  27  141   50  20  36  20  66   0   359   0   0   0   4 -190
livers,isaiah     det PF 52 1173  120  288  74 203  32   39  28  143   41  28  30  28 103   0   346   0   0   0  22 -200
lofton,kenny      mem SF 23  166   49   93   6  17  16   27  19   51   20   5  12   2  28   0   120   0   0   0   1  -48
looney,kevon      gsw  C 82 1917  242  384   0   1  94  155 274  760  207  52  45  50 225   2   578   0   0   0  70  157
lopez,brook       mil  C 78 2337  477  899 136 364 149  190 157  519   99  37 107 193 203   2  1239   0   0   0  78  398
lopez,robin       cle  C 36  281   48   75   2   4  14   18  23   51   19   2  25  10  43   0   112   0   0   0   2  -58
love,kevin        cle PF 41  804  111  285  69 195  56   63  41  279   76   7  47   6  65   1   347   0   0   0   3   83
love,kevin        mia PF 21  409   54  139  30 101  24   28  17  119   40   9  23   5  32   0   162   0   0   0  17   26
love,kevin        tot PF 62 1213  165  424  99 296  80   91  58  398  116  16  70  11  97   1   509   0   0   0  20  109
lowry,kyle        mia PG 55 1691  196  485 107 310 116  135  43  225  281  57 103  21 143   1   615   0   0   0  44   55
lyles,trey        sac PF 74 1212  187  407  87 240 101  124  67  299   66  27  64  31  97   0   562   0   0   0   0  105
maledon,theo      cha PG 44  834  102  254  28  95  63   74  14  123  152  37  59  12  61   0   295   0   0   0   7 -147
mamukelashvili,   mil PF 24  207   19   58   7  32  12   18  18   56   16   4   9   5  19   0    57   0   0   0   0   -1
mamukelashvili,   san PF 19  435   78  172  23  67  27   39  52  129   46  10  26   7  33   0   206   0   0   0   7 -116
mamukelashvili,   tot PF 43  642   97  230  30  99  39   57  70  185   62  14  35  12  52   0   263   0   0   0   7 -117
mann,terance      lac SG 81 1828  272  523  77 198  92  118  77  276  184  42  80  22 149   0   713   0   0   0  36    2
mann,tre          okl PG 67 1149  197  501  81 257  42   55  27  155  120  40  62  11  99   0   517   0   0   0   5   57
marjanovic,boba   hou  C 31  156   41   60   0   1  20   27  20   60    9   5  14   2  10   0   102   0   0   0   0   66
markkanen,lauri   uta PF 66 2243  571 1145 200 511 349  399 130  570  124  42 127  38 137   1  1691   0   0   0  66  163
marshall,naji     nor SF 77 1760  247  571  66 218 138  175  48  279  189  54  97  14 113   0   698   0   0   0  21    6
martin,caleb      mia SF 71 2042  254  548  84 236  91  113  88  344  117  70  78  31 145   0   683   0   0   0  49   -4
martin,cody       cha SF  7  130   14   36   3  14   4    7   8   24   11   4   2   1  13   0    35   0   0   0   0  -26
martin,kenyon     hou SF 82 2244  410  720  68 216 151  222 126  452  123  41  91  30 147   0  1039   0   0   0  49 -367
martin,tyrese     atl SF 16   59    9   23   1   7   2    2   5   12    2   1   2   0   2   0    21   0   0   0   0    1
mathews,garriso   atl SG  9   80   13   31  10  25   7    8   1   11    3   1   1   1   6   0    43   0   0   0   0   -4
mathews,garriso   hou SG 45  579   60  170  53 155  41   45  10   62   23  23  18   4  56   0   214   0   0   0   0  -85
mathews,garriso   tot SG 54  659   73  201  63 180  48   53  11   73   26  24  19   5  62   0   257   0   0   0   0  -89
mathurin,benned   ind SG 78 2189  413  951 100 310 376  454  87  318  116  48 152  13 162   1  1302   0   0   0  17 -179
matthews,wesley   mil SG 52  794   58  160  39 124  24   28  34  114   34  20  18  13  71   0   179   0   0   0   0   56
maxey,tyrese      phi PG 60 1986  439  913 160 370 180  213  23  176  212  49  80   8 132   1  1218   0   0   0  41  245
mays,skylar       por SG  6  186   34   68  12  26  12   13   2   19   50   6  10   1  11   0    92   0   0   0   6  -74
mcarter-williams  orl PG  4   42    6   14   1   3   4    7   1    5    7   1   4   1   5   0    17   0   0   0   0  -26
mcbride,miles     nyk PG 61  731   77  215  40 134  28   42  13   50   72  37  25   8  60   0   222   0   0   0   2   55
mcclung,mac       phi SG  2   40    9   20   4  11   3    5   3   10    9   0   3   0   3   0    25   0   0   0   0   18
mccollum,cj       nor SG 75 2610  587 1344 211 544 183  238  55  328  429  69 183  38 153   0  1568   0   0   0  75   62
mcconnell,t.j.    ind PG 75 1493  283  521  26  59  58   68  45  234  397  82 144  10 105   0   650   0   0   0   6  -62
mcdaniels,jaden   min PF 79 2377  370  717 107 270 106  144  92  307  148  74 112  75 272   6   953   0   0   0  79   70
mcdaniels,jalen   cha PF 56 1470  221  494  65 202  88  104  44  269  111  65  78  29 158   0   595   0   0   0  21 -172
mcdaniels,jalen   phi SF 24  405   60  123  12  30  28   34  19   76   19  17  13   5  51   0   160   0   0   0   3   20
mcdaniels,jalen   tot SF 80 1875  281  617  77 232 116  138  63  345  130  82  91  34 209   0   755   0   0   0  24 -152
mcdermott,doug    san SF 64 1286  239  523 123 298  53   70  24  139   91  13  58   6 118   0   654   0   0   0   0 -237
mcgee,javale      dal  C 42  332   80  125   2   5  24   41  30  107   11   4  35  26  54   0   186   0   0   0   7  -57
mcgowens,bryce    cha SG 45  764   80  202  26  80  60   80  20   93   54  15  43   6  48   0   246   0   0   0   7 -150
mcgruder,rodney   det SG 32  509   62  152  41  97  18   22  20   74   28  16  11   1  39   0   183   0   0   0  12  -44
mclaughlin,jord   min PG 43  657   61  145  24  78  15   18  15   62  148  32  33   4  28   0   161   0   0   0   0   84
melton,de'antho   phi SG 77 2114  277  651 157 403  69   87  69  312  199 126 102  41 191   0   780   0   0   0  58   98
merrill,sam       cle SG  5   56    9   22   5  18   2    2   0    9    5   4   0   0   3   0    25   0   0   0   0   -5
metu,chimezie     sac PF 65  655  129  220   9  39  54   73  47  198   40  22  32  21  81   0   321   0   0   0   0   89
middleton,khris   mil SF 33  781  177  406  51 162  92  102  28  140  163  24  71   5  68   0   497   0   0   0  19  132
mills,patty       bro PG 40  546   86  209  49 134  25   30   8   44   56  15  30   3  32   0   246   0   0   0   2  -66
milton,shake      phi SG 76 1532  240  502  56 148  99  116  38  190  238  25  95  13 123   1   635   0   0   0  11  144
minaya,justin     por SF  4   87    7   23   3  12   0    1   3   15    4   2   4   5   9   0    17   0   0   0   0  -20
minott,josh       min SF 15   91   18   36   2   6   8    8   5   25    5   4   3   6  10   0    46   0   0   0   0   24
mitchell,davion   sac PG 80 1407  181  399  63 197  25   31  16  105  185  44  62  15 112   0   450   0   0   0   9    5
mitchell,donova   cle SG 68 2396  679 1403 245 635 319  368  63  288  301  99 180  27 168   0  1922   0   0   0  68  338
mobley,evan       cle  C 79 2677  525  949  22 102 207  306 187  712  223  60 146 119 218   2  1279   0   0   0  79  339
mobley,isaiah     cle SF 11   79   12   28   3   8   4    4   4   20    3   4   1   3   8   0    31   0   0   0   0   31
moneke,chima      sac SF  2    7    1    2   0   0   0    2   2    2    1   0   2   0   2   0     2   0   0   0   0   -9
monk,malik        sac SG 77 1682  357  796 143 398 184  207  32  203  298  49 146  20 125   0  1041   0   0   0   0   67
moody,moses       gsw SG 63  787  108  227  49 135  37   53  28  105   51  18  34   7  54   0   302   0   0   0   3   -7
moon,xavier       lac PG  4   17    3    9   1   3   0    0   0    3    5   0   1   0   2   0     7   0   0   0   0    3
moore,wendell     min SF 28  141   17   42   2  17   4    5   3   17   18   8   8   5  13   0    40   0   0   0   2  -55
morant,ja         mem PG 61 1921  566 1214  92 300 372  497  62  358  493  66 206  16 100   0  1596   0   0   0  59  303
morris,marcus     lac SF 65 1792  273  642 111 306  68   87  29  258  114  42  56  21 136   0   725   0   0   0  65  -16
morris,markieff   bro PF 27  275   33   82  20  49  10   10  13   59   25   8  14   5  33   0    96   0   0   0   1   30
morris,markieff   dal PF  8   66   14   33   8  22   0    0   0   12    6   1   4   0  15   0    36   0   0   0   1  -20
morris,markieff   tot PF 35  341   47  115  28  71  10   10  13   71   31   9  18   5  48   0   132   0   0   0   2   10
morris,monte      was PG 62 1666  247  515  78 204  64   77  26  210  326  43  60  13  75   0   636   0   0   0  61    7
murphy,trey       nor SG 79 2407  387  799 202 497 172  190  59  281  112  89  62  43 155   1  1148   0   0   0  65   38
murray,dejounte   atl SG 74 2656  612 1320 133 387 158  190  53  389  448 112 160  19 106   0  1515   0   0   0  74  -62
murray,jamal      den PG 65 2104  473 1041 172 432 180  216  47  256  401  67 145  16 103   0  1298   0   0   0  65  300
murray,keegan     sac SF 80 2342  354  782 206 501  62   81  89  371   98  61  60  42 162   0   976   0   0   0  78   96
muscala,mike      bos  C 20  312   42   89  25  65   9   13  14   68   12   4   9   5  28   0   118   0   0   0   4   51
muscala,mike      okl  C 43  599   89  203  56 142  31   39  23  135   38  11  14  19  70   0   265   0   0   0   5  153
muscala,mike      tot  C 63  911  131  292  81 207  40   52  37  203   50  15  23  24  98   0   383   0   0   0   9  204
mykhailiuk,svi    cha SG 19  418   71  161  36  89  23   34  15   46   52  14  22   4  22   0   201   0   0   0   8   -2
mykhailiuk,svi    nyk SG 12   35    6   12   6  10   3    5   0    7    1   1   2   0   1   0    21   0   0   0   0   20
mykhailiuk,svi    tot SG 31  453   77  173  42  99  26   39  15   53   53  15  24   4  23   0   222   0   0   0   8   18
nance,larry       nor PF 65 1351  186  305  14  42  55   79 106  354  119  56  42  37 133   0   441   0   0   0   1  182
nembhard,andrew   ind PG 75 2034  284  644  92 263  49   62  35  199  342  70 126  13 179   1   709   0   0   0  63 -263
nesmith,aaron     ind SF 73 1781  252  589 115 313 119  142  62  277   98  55  74  34 235   5   738   0   0   0  60 -211
neto,raul         cle PG 48  481   57  110  12  42  31   34  10   46   79  17  23   4  49   0   157   0   0   0   1   11
niang,georges     phi SF 78 1476  222  502 154 384  39   45  19  185   77  30  54  14 146   0   637   0   0   0   1   75
nix,daishen       hou SG 57  889   81  236  40 139  24   36  18   98  132  31  86   7  59   1   226   0   0   0   7 -151
nnaji,zeke        den PF 52  702  110  196  17  65  40   62  65  138   18  17  31  23 105   1   277   0   0   0   5  -93
noel,nerlens      bro  C  3   42    1    6   0   0   1    2   3    9    3   3   5   1   7   0     3   0   0   0   1  -13
noel,nerlens      det  C 14  146   12   30   1   2   7   10   7   37    7  12   8   9  25   0    32   0   0   0   3  -63
noel,nerlens      tot  C 17  188   13   36   1   2   8   12  10   46   10  15  13  10  32   0    35   0   0   0   4  -76
nowell,jaylen     min SG 65 1220  280  624  67 231  77   99  36  170  131  42  65   5 101   0   704   0   0   0   2   -8
ntilikina,frank   dal PG 46  583   48  132  17  67  22   33   7   62   58  16  29   7  65   0   135   0   0   0   5   37
nunn,kendrick     lal PG 39  508  102  251  41 126  17   21   5   55   34  11  31   3  35   0   262   0   0   0   2  -25
nunn,kendrick     was PG 31  421   89  199  38  97  18   20  10   54   56  17  34   4  31   0   234   0   0   0   0  -33
nunn,kendrick     tot PG 70  929  191  450  79 223  35   41  15  109   90  28  65   7  66   0   496   0   0   0   2  -58
nurkic,jusuf      por  C 52 1362  262  505  43 119 127  192 114  471  149  43 119  44 185   2   694   0   0   0  52    0
nwora,jordan      ind PF 24  579  118  248  46 109  31   43  22  111   50  12  32   7  40   0   313   0   0   0  11 -152
nwora,jordan      mil SF 38  579   76  197  40 102  37   43  29  117   38  12  34   7  34   0   229   0   0   0   3 -103
nwora,jordan      tot SF 62 1158  194  445  86 211  68   86  51  228   88  24  66  14  74   0   542   0   0   0  14 -255
o'neale,royce     bro PF 76 2373  229  592 163 418  50   69  55  384  284  64 114  49 239   1   671   0   0   0  53   77
okeke,chuma       orl PF 27  504   43  122  26  86  16   21  26   96   37  19  17  11  40   0   128   0   0   0   8 -118
okogie,josh       pho SF 72 1319  162  414  66 197 139  192 109  252  104  56  63  34 114   0   529   0   0   0  26  106
okongwu,onyeka    atl PF 80 1808  317  497   4  13 153  196 217  576   81  57  81 107 251   0   791   0   0   0  18   63
okoro,isaac       cle SF 76 1614  175  354  62 171  78  103  51  186   87  56  42  30 158   1   490   0   0   0  46  126
okpala,kz         sac SF 31  234   16   38   7  21   7    8   7   33   13   7   6   7  39   0    46   0   0   0   3   -8
oladipo,victor    mia SG 42 1084  160  403  70 212  59   79  16  129  146  57  87  12  99   1   449   0   0   0   2  -33
olynyk,kelly      uta PF 68 1915  278  557  93 236 198  232  82  420  252  60 168  37 232   4   847   0   0   0  68   21
omoruyi,eugene    det PF 17  364   57  134  17  58  34   47  21   59   17  14  18   3  45   0   165   0   0   0   4  -30
omoruyi,eugene    okl SF 23  262   44   94   8  31  17   28  22   52   11  14  16   0  46   0   113   0   0   0   2  -11
omoruyi,eugene    tot SF 40  626  101  228  25  89  51   75  43  111   28  28  34   3  91   0   278   0   0   0   6  -41
osman,cedi        cle SF 77 1513  239  529 116 312  75  108  25  176  115  34  52  12 122   0   669   0   0   0   2  225
oubre,kelly       cha SG 48 1525  353  819 108 339 158  208  65  249   55  67  64  18 141   1   972   0   0   0  40 -278
paul,chris        pho PG 59 1862  294  668  98 261 133  160  27  251  526  91 114  22 126   1   819   0   0   0  59   84
payne,cameron     pho PG 48  946  188  453  68 185  49   64  12  106  214  33  81   8  88   0   493   0   0   0  15   77
payton,gary       gsw PG  7  110   17   28   4   9   2    3  14   30    8   6   4   4  14   0    40   0   0   0   0   15
payton,gary       por SG 15  248   24   41   9  17   4    4  10   39   22  15  12   1  29   0    61   0   0   0   1   17
payton,gary       tot SG 22  358   41   69  13  26   6    7  24   69   30  21  16   5  43   0   101   0   0   0   1   32
pinson,theo       dal SG 35  304   31   87  22  62  11   13  11   64   46   6  13   1  34   0    95   0   0   0   1  -54
pippen,scottyjr   lal PG  6   29    4   12   1   3   5    9   2    4    2   2   2   1   3   0    14   0   0   0   0   -1
plumlee,mason     cha  C 56 1575  265  396   0   0 155  256 187  540  206  35  86  35 161   1   685   0   0   0  56 -269
plumlee,mason     lac  C 23  449   64   88   0   0  44   57  42  159   40  11  30  12  56   0   172   0   0   0   4   -1
plumlee,mason     tot  C 79 2024  329  484   0   0 199  313 229  699  246  46 116  47 217   1   857   0   0   0  60 -270
poeltl,jakob      san  C 46 1175  239  388   0   1  78  129 152  416  141  36  96  52 118   0   556   0   0   0  46 -267
poeltl,jakob      tor  C 26  697  150  230   0   0  41   72  84  237   56  30  29  34  77   1   341   0   0   0  25  123
poeltl,jakob      tot  C 72 1872  389  618   0   1 119  201 236  653  197  66 125  86 195   1   897   0   0   0  71 -144
pokusevski,alek   okl SF 34  688  108  249  38 104  22   35  45  159   64  20  43  43  58   0   276   0   0   0  25 -196
poole,jordan      gsw SG 82 2419  550 1278 214 637 361  415  32  225  369  63 251  21 214   0  1675   0   0   0  43  -10
porter,kevin      hou SG 59 1993  391  884 141 385 207  264  76  314  338  82 188  17 156   0  1130   0   0   0  59 -343
porter,michael    den SF 62 1767  398  817 188 454  96  120  64  341   65  37  68  29 119   0  1080   0   0   0  62  420
porter,otto       tor SF  8  143   15   30   6  17   8    8   6   19    8  11   4   0   7   0    44   0   0   0   2  -21
portis,bobby      mil  C 70 1786  398  803  95 258  96  125 154  672  105  29  81  16 115   0   987   0   0   0  22   16
porzingis,krist   was  C 65 2083  507 1018 137 356 354  416 114  546  174  58 136 101 196   4  1505   0   0   0  65   81
potter,micah      uta  C  7   49   10   15   4   7   0    0   3   16    4   1   2   0   5   0    24   0   0   0   0   -3
powell,dwight     dal  C 76 1416  197  269   0   5 112  168 148  313   69  48  65  26 209   3   506   0   0   0  64  164
powell,norman     lac SF 60 1540  340  710 114 287 225  277  24  175  111  50 101  18 125   0  1019   0   0   0   8 -122
preston,jason     lac PG 14  117   18   41   5  18   0    2   2   22   27   2  10   0   7   0    41   0   0   0   0  -11
primo,joshua      san SG  4   91    9   26   3  12   7    9   2   13   18   1  11   2   8   0    28   0   0   0   0   -2
prince,taurean    min PF 54 1170  177  379  74 194  65   77  15  132   84  28  69  15 123   0   493   0   0   0   4    0
pritchard,payto   bos PG 48  621  101  245  56 154  12   16  25   88   64  14  40   1  37   0   270   0   0   0   3   12
queen,trevelin    ind SG  7   66    7   29   2  15   5    5   8   17    6   2   7   5   4   0    21   0   0   0   0   14
queta,neemias     sac  C  5   27    6    9   0   0   0    2   5   11    1   0   1   2   7   0    12   0   0   0   0  -30
quickley,immanu   nyk SG 81 2305  419  937 168 455 203  248  58  337  279  80  99  14 166   0  1209   0   0   0  21  321
quinones,lester   gsw PG  4   16    2    5   2   4   4    6   1    3    2   1   5   0   0   0    10   0   0   0   0    6
randle,julius     nyk PF 77 2700  658 1431 218 636 402  531 141  767  316  49 216  21 233   1  1936   0   0   0  77  171
reaves,austin     lal SG 64 1810  259  490  86 216 229  265  33  193  215  33  99  19 108   0   833   0   0   0  22  214
reddish,cam       nyk SF 20  429   61  137  17  56  29   33   7   31   20  15  15   8  32   0   168   0   0   0   8  -11
reddish,cam       por SF 20  543   78  176  28  88  35   42  11   57   37  24  32   6  40   0   219   0   0   0  12 -182
reddish,cam       tot SF 40  972  139  313  45 144  64   75  18   88   57  39  47  14  72   0   387   0   0   0  20 -193
reed,davon        den SG 35  298   25   80  16  44  15   20   9   55   19  13  20   4  36   0    81   0   0   0   1  -93
reed,davon        lal SG  8   24    3    4   1   2   1    4   1    4    4   2   0   0   3   0     8   0   0   0   0   -6
reed,davon        tot SG 43  322   28   84  17  46  16   24  10   59   23  15  20   4  39   0    89   0   0   0   1  -99
reed,paul         phi SF 69  722  124  209   1   6  38   51 112  262   27  46  45  51 123   1   287   0   0   0   2  -17
reid,naz          min  C 68 1218  310  577  75 217  86  127  73  334   77  42  92  53 176   1   781   0   0   0  11 -128
rhoden,james      det SF 14  193   17   44   5  20   6    6  11   37    4   4   3   1  23   0    45   0   0   0   0   21
richards,nick     cha  C 65 1187  197  313   1   1 137  183 147  416   38  11  59  72 154   0   532   0   0   0   9 -112
richardson,josh   nor SG 23  521   62  148  33  86  16   21  11   56   37  29  23   9  47   0   173   0   0   0   4  -25
richardson,josh   san SG 42  980  177  406  74 207  53   60  30  120  137  40  63  11  70   0   481   0   0   0   6 -139
richardson,josh   tot SG 65 1501  239  554 107 293  69   81  41  176  174  69  86  20 117   0   654   0   0   0  10 -164
rivers,austin     min SG 50  989   91  209  43 123  30   39   5   83   75  28  23   4  79   1   255   0   0   0  10 -143
robinson,duncan   mia SG 42  672   88  237  63 192  29   32   8   68   46  14  28   0  77   1   268   0   0   0   1  -59
robinson,mitche   nyk  C 59 1558  188  280   0   0  59  122 267  555   54  56  41 109 160   4   435   0   0   0  58  189
robinson,orlando  mia  C 31  410   47   89   0   6  22   31  48  126   25  12  16  12  53   0   116   0   0   0   1   27
robinson-earl,j   okl PF 43  792  110  248  37 111  35   42  71  180   43  24  20  11  71   1   292   0   0   0  20  -10
roby,isaiah       san PF 42  453   67  155  18  60  20   41  21  107   38  19  31   7  53   1   172   0   0   0   2 -112
roddy,david       mem SG 70 1230  180  420  65 212  41   65  50  193   59  30  57  19 107   0   466   0   0   0   4  -61
rollins,ryan      gsw PG 12   58    7   20   3   9   6    6   3   12    6   1  16   1  10   0    23   0   0   0   0  -47
rose,derrick      nyk PG 27  323   61  159  19  63  11   12   8   40   46   7  22   5  18   0   152   0   0   0   0  -26
ross,terrence     orl SG 42  923  129  299  61 160  15   20  10   85   54  25  37   8  53   0   334   0   0   0   9  -41
ross,terrence     pho SG 21  378   71  166  34  98  12   14  12   69   41  10   7   2  44   0   188   0   0   0   0  -35
ross,terrence     tot SG 63 1301  200  465  95 258  27   34  22  154   95  35  44  10  97   0   522   0   0   0   9  -76
rozier,terry      cha SG 63 2189  493 1188 165 505 178  220  51  259  319  75 134  16 119   0  1329   0   0   0  63 -288
rubio,ricky       cle PG 33  549   61  177  21  81  28   35   9   70  115  26  31   6  51   0   171   0   0   0   2   45
russell,d'angel   lal PG 17  517  107  221  46 111  36   49   7   50  103  10  39   8  23   0   296   0   0   0  17  143
russell,d'angel   min PG 54 1749  338  726 148 378 143  167  29  166  335  59 146  21 117   1   967   0   0   0  54  -56
russell,d'angel   tot PG 71 2266  445  947 194 489 179  216  36  216  438  69 185  29 140   1  1263   0   0   0  71   87
ryan,matt         lal SF 12  124   15   49  13  35   4    5   2   14    4   2   3   0  14   0    47   0   0   0   0    0
ryan,matt         min SF 22  171   25   59  19  49   6    7   2   12   12   3   4   1  13   0    75   0   0   0   0   21
ryan,matt         tot SF 34  295   40  108  32  84  10   12   4   26   16   5   7   1  27   0   122   0   0   0   0   21
sabonis,domanta   sac PF 79 2699  577  939  31  83 325  438 251  973  573  65 230  39 279   9  1510   0   0   0  79  212
samanic,luka      uta PF  7  157   26   57   8  31   9   13   0   30   15   6  10   2  17   0    69   0   0   0   4   -6
saric,dario       okl  C 20  266   51   99  18  46  27   32  14   65   17   7  19   2  30   0   147   0   0   0   0   65
saric,dario       pho PF 37  517   76  178  27  69  36   44  39  142   57  13  36   5  69   0   215   0   0   0  12  -28
saric,dario       tot PF 57  783  127  277  45 115  63   76  53  207   74  20  55   7  99   0   362   0   0   0  12   37
sarr,olivier      okl  C  9  109   15   30   1   8   5    7  12   31    4   1   4   5  17   1    36   0   0   0   1   14
schakel,jordan    was SF  2    6    1    2   1   1   0    0   0    0    1   1   0   0   1   0     3   0   0   0   0    6
schofield,admir   orl SF 37  436   55  122  24  74  21   23  23   62   31   8  16   5  61   0   155   0   0   0   0  -79
schroder,dennis   lal PG 66 1955  270  651  74 225 216  252  21  165  298  50 112  10 145   2   830   0   0   0  50  131
scrubb,jay        orl SG  2   29    5    7   2   2   1    2   0    6    1   2   3   1   2   0    13   0   0   0   0  -16
seabron,dereon    nor SG  5    9    2    5   0   0   0    0   1    1    0   0   0   0   1   0     4   0   0   0   0   10
sengun,alperen    hou  C 75 2137  442  799  19  57 206  288 242  678  291  70 193  70 258   6  1109   0   0   0  72 -283
sexton,collin     uta PG 48 1121  237  469  48 122 163  199  37  105  138  27  84   6 112   1   685   0   0   0  15  -28
shamet,landry     pho SG 40  787  113  300  75 199  45   51  11   66   93  26  36   5  61   0   346   0   0   0   9   38
sharpe,day'ron    bro  C 47  530   93  171   6  11  35   55  99  200   38  15  42  33  89   0   227   0   0   0   3 -101
sharpe,shaedon    por SG 80 1741  306  648 102 283  75  105  63  236   94  38  83  24 136   1   789   0   0   0  15 -297
siakam,pascal     tor PF 71 2619  630 1313  93 287 367  474 131  556  415  65 169  36 228   5  1720   0   0   0  71  125
silva,chris       dal PF  1    3    1    1   0   0   0    0   0    0    0   0   1   0   2   0     2   0   0   0   0    1
simmons,ben       bro PG 42 1084  133  235   0   2  25   57  40  263  256  54  97  23 139   4   291   0   0   0  33   42
simmons,kobi      cha SG  5   25    1    6   1   5   2    2   1    4    5   0   1   2   0   0     5   0   0   0   0  -19
simonovic,marko   chi  C  7   17    2    7   1   4   1    2   1    2    0   0   0   0   5   0     6   0   0   0   0   15
simons,anfernee   por SG 62 2136  467 1045 212 562 160  179  18  161  253  42 128  14 142   0  1306   0   0   0  62  -68
sims,jericho      nyk PF 51  792   83  107   0   1  12   16  99  242   25  15  27  28  96   1   178   0   0   0  16 -114
smart,marcus      bos PG 61 1924  250  602 115 342  88  118  46  191  382  94 143  23 172   2   703   0   0   0  61  240
smith,dennis      cha PG 54 1361  186  452  24 111  78  106  27  167  260  76  82  25 122   0   474   0   0   0  15  -67
smith,dru         bro PG 10   86   13   31   4  13   3    3   1   14   16   6   2   1  13   0    33   0   0   0   0  -11
smith,dru         mia PG  5   64    5   14   1   6   0    0   1    9    5   4   1   3  10   0    11   0   0   0   1  -17
smith,dru         tot PG 15  150   18   45   5  19   3    3   2   23   21  10   3   4  23   0    44   0   0   0   1  -28
smith,ish         den PG 42  376   52  131   2  12   2    4   5   54  100   8  44   7  33   0   108   0   0   0   0  -35
smith,jabari      hou PF 79 2410  364  892 120 391 162  206 122  569  101  43 104  74 227   0  1010   0   0   0  79 -555
smith,jalen       ind PF 68 1246  242  508  54 191 104  137 129  395   66  21  72  60 153   1   642   0   0   0  31  -95
sneed,xavier      cha SF  4   46    5   10   3   6   4    4   0    5    5   0   3   1   7   0    17   0   0   0   0  -28
sochan,jeremy     san SF 56 1436  250  552  33 134  81  116  95  295  142  43  97  22 138   1   614   0   0   0  53 -235
springer,jaden    phi PG 15   84   17   34   2   5   6    8   6   14    8   7   3   3  15   1    42   0   0   0   2    0
stevens,lamar     cle SF 61 1087  129  288  30  95  40   57  49  208   33  26  27  19  79   0   328   0   0   0  25    8
stewart,isaiah    det  C 50 1391  195  441  67 205 110  149 115  402   70  20  68  34 133   0   567   0   0   0  47 -223
strus,max         mia SG 80 2230  324  790 197 563  78   89  49  258  171  42  70  12 166   0   923   0   0   0  33 -147
suggs,jalen       orl SG 53 1219  186  445  66 202  86  119  54  160  155  67  94  27 120   2   524   0   0   0  19  -40
sumner,edmond     bro PG 53  713  124  269  31  87  99  108  13   79   68  31  50  10  83   0   378   0   0   0  12   26
swider,cole       lal SF  7   39    3    9   3   8   0    0   1    7    4   0   0   0   3   0     9   0   0   0   0    1
tate,jae'sean     hou SF 31  663  110  229  13  46  50   69  41  118   84  21  47   7 106   3   283   0   0   0   7  -99
tatum,jayson      bos SF 74 2694  727 1559 240 688 531  622  78  649  342  79 213  51 160   0  2225   0   0   0  74  470
taylor,terry      chi SF  5   34    9   10   1   1   1    4   5    8    0   0   0   1   2   0    20   0   0   0   0   33
taylor,terry      ind SF 24  218   30   65   4  18   5    7  22   39   10   3   9   5  24   0    69   0   0   0   2  -13
taylor,terry      tot SF 29  252   39   75   5  19   6   11  27   47   10   3   9   6  26   0    89   0   0   0   2   20
temple,garrett    nor SF 25  150   18   45  11  26   3    4   5   17   13   9   4   2  15   0    50   0   0   0   0  -17
terry,dalen       chi SG 37  201   32   72   7  27  14   21  12   37   22  11   8   5  24   0    85   0   0   0   0   12
theis,daniel      ind  C  7  106   21   44   2  11   5   12   7   22    9   2   3   6   7   0    49   0   0   0   1  -19
thomas,cam        bro SG 57  923  201  456  51 133 151  174   8   96   78  20  63   8  55   0   604   0   0   0   4   -4
thompson,klay     gsw SG 69 2244  546 1252 301 731 116  132  39  286  164  50 123  29 130   1  1509   0   0   0  69  165
thor,jt           cha PF 69  937   95  238  39 123  33   47  36  151   36  22  44  23  66   0   262   0   0   0   8 -163
thybulle,matiss   phi SG 47  568   50  116  21  63   9   12  20   63   23  45   8  14  64   0   130   0   0   0   6   79
thybulle,matiss   por SG 22  601   60  137  33  85  10   16  20   77   30  38  16  18  48   1   163   0   0   0  22  -89
thybulle,matiss   tot SG 69 1169  110  253  54 148  19   28  40  140   53  83  24  32 112   1   293   0   0   0  28  -10
tillman,xavier    mem  C 61 1152  188  306   4  15  49   89 121  307   96  58  44  29  97   0   429   0   0   0  29   -1
todd,isaiah       was PF  6   59    3   18   1  10   2    2   2   12    4   1   2   0   4   0     9   0   0   0   1   -7
toppin,obi        nyk PF 67 1017  187  419  85 247  38   47  29  187   66  23  38  12  68   0   497   0   0   0   5   56
toscano-anderso   lal SF 30  350   33   66   4  20  11   15  14   61   25  10  17   7  46   0    81   0   0   0   7  -85
toscano-anderso   uta SF 22  326   31   77   4  23   8    9  14   63   40   6  17   3  34   0    74   0   0   0   2  -62
toscano-anderso   tot SF 52  676   64  143   8  43  19   24  28  124   65  16  34  10  80   0   155   0   0   0   9 -147
towns,karl-anth   min  C 29  943  212  428  60 164 118  135  48  236  140  20  86  17 111   3   602   0   0   0  29   39
trent,gary        tor SG 66 2085  405  936 166 451 172  205  30  173  106 104  55  15 102   1  1148   0   0   0  44  -52
tucker,pj         phi PF 75 1885   96  225  55 140  19   23  95  294   60  39  44  15 180   0   266   0   0   0  75  135
turner,myles      ind  C 62 1798  402  734  93 250 216  276  88  466   89  35 103 140 215   4  1113   0   0   0  62  -47
umude,stanley     det SG  1    2    0    1   0   1   2    2   0    0    0   1   0   1   0   0     2   0   0   0   0    3
valanciunas,jon   nor  C 79 1928  446  816  38 109 185  224 225  804  140  20 159  52 245   2  1115   0   0   0  79  -10
vanderbilt,jarr   lal PF 26  613   74  140  10  33  29   37  49  173   42  30  29   6  57   0   187   0   0   0  24  -33
vanderbilt,jarr   uta PF 52 1230  173  312  19  57  67  102 121  408  142  53  68  15 133   3   432   0   0   0  41  -64
vanderbilt,jarr   tot PF 78 1843  247  452  29  90  96  139 170  581  184  83  97  21 190   3   619   0   0   0  65  -97
vanvleet,fred     tor SG 69 2501  437 1111 207 605 254  283  30  280  496 124 140  38 193   1  1335   0   0   0  69  195
vassell,devin     san SG 38 1161  261  595 103 266  78  100   8  148  136  43  57  17  57   0   703   0   0   0  32 -296
vincent,gabe      mia PG 68 1727  228  567 117 350  68   78  28  146  167  62  92   5 154   1   641   0   0   0  34  -28
vonleh,noah       bos PF 23  161   11   24   1   4   2    2  18   48    7   2  11   8  35   0    25   0   0   0   1  -11
vucevic,nikola    chi  C 82 2710  597 1148 121 347 132  158 159  903  265  60 139  57 179   0  1447   0   0   0  82  -22
wade,dean         cle PF 44  870   73  177  45 127  15   23  21  151   37  28  17  21  88   0   206   0   0   0  13  108
wagner,franz      orl SF 80 2568  542 1117 130 360 271  322  70  329  283  77 167  17 183   1  1485   0   0   0  80   48
wagner,moritz     orl  C 57 1081  198  396  51 163 153  182  69  259   84  37  68  13 136   1   600   0   0   0  18  -27
wainright,ish     pho SF 60  885   84  227  57 173  26   31  45  139   53  38  22  22 117   2   251   0   0   0   2   92
walker,jabari     por SF 55  592   83  198  16  56  34   45  48  131   34  10  29  13  69   0   216   0   0   0   0 -115
walker,kemba      dal PG  9  138   24   57   7  28  17   21   3   16   19   2   4   2  11   0    72   0   0   0   1   -1
walker,lonnieiv   lal PG 56 1268  236  527  91 249  91  106  14  109   64  30  46  16  71   0   654   0   0   0  32 -207
wall,john         lac PG 34  739  138  338  33 109  77  113  14   92  178  27  80  13  59   0   386   0   0   0   3 -106
warren,tj         bro SF 26  480  102  200  16  47  27   33  13   72   29  15  17   7  45   0   247   0   0   0   0    0
warren,tj         pho SF 16  189   30   70   6  19   1    2  13   49   12   7   3   5  20   0    67   0   0   0   0   54
warren,tj         tot SF 42  669  132  270  22  66  28   35  26  121   41  22  20  12  65   0   314   0   0   0   0   54
washington,duan   pho PG 31  383   94  256  40 111  16   24   2   37   63   6  34   4  23   0   244   0   0   0   3   -6
washington,p.j.   cha PF 73 2349  434  978 149 428 127  174  73  358  175  66 110  79 193   1  1144   0   0   0  73 -375
washington,tyty   hou PG 31  418   58  160  19  80  10   18   2   45   47  15  14   2  29   0   145   0   0   0   2  -43
watanabe,yuta     bro SF 58  903  114  232  60 135  34   47  30  141   48  25  22  17  80   0   322   0   0   0   1   -7
waters,lindy      okl SF 41  508   70  178  58 162  16   20  16   75   28  14  10  11  42   0   214   0   0   0   0  138
watford,trendon   por PF 62 1152  181  323  25  64  72  100  41  237  130  32  71  12 118   0   459   0   0   0  12 -181
watson,peyton     den SF 23  176   29   59   6  14  11   20   8   37   11   2   8  11  14   0    75   0   0   0   2  -49
wesley,blake      san PG 37  653   69  215  20  52  26   44  11   81   98  25  65   5  67   0   184   0   0   0   1 -198
westbrook,russe   lac PG 21  623  128  262  26  73  50   76  30  102  158  23  71  10  41   1   332   0   0   0  21   23
westbrook,russe   lal PG 52 1465  304  729  63 213 156  238  59  321  391  53 185  23 121   0   827   0   0   0   3  -44
westbrook,russe   tot PG 73 2088  432  991  89 286 206  314  89  423  549  76 256  33 162   1  1159   0   0   0  24  -21
white,coby        chi PG 74 1694  263  594 128 344  61   70  16  212  204  54  74   6 122   0   715   0   0   0   2  146
white,derrick     bos PG 82 2280  350  758 149 391 168  192  52  293  320  53  95  76 177   0  1017   0   0   0  70  488
white,jack        den SF 17   60    8   19   3   9   2    3   6   17    4   3   2   2   9   0    21   0   0   0   0  -17
wieskamp,joe      tor SF  9   46    3   14   3  12   0    0   0    4    3   0   1   0   3   0     9   0   0   0   0    2
wiggins,aaron     okl SG 70 1261  186  363  48 122  59   71  68  210   80  39  55  15 110   0   479   0   0   0  14    9
wiggins,andrew    gsw SF 37 1171  250  529  89 225  44   72  61  186   85  45  48  28 107   0   633   0   0   0  37  118
wigginton,lindel  mil PG  7   86   18   37   6  18   8    9   0    7   14   0  12   2   7   0    50   0   0   0   1  -39
williams,alonde   bro SG  1    5    0    0   0   0   0    0   0    1    0   0   2   0   1   0     0   0   0   0   0   -5
williams,donovan  atl SG  2    3    2    5   0   2   0    0   0    2    0   0   0   0   0   0     4   0   0   0   0    6
williams,grant    bos PF 79 2003  216  476 115 291  94  122  86  362  131  41  82  31 192   1   641   0   0   0  23  206
williams,jalen    okl SF 76 2265  416  802  74 210 155  191  84  339  249 104 124  36 195   1  1061   0   0   0  63  -66
williams,jaylin   okl SF 48  865  100  225  45 107  38   54  44  239   75  27  36  11 107   0   283   0   0   0  35  -75
williams,jeenath  por SG  5  124   24   39   3   8   2    3  10   15   10   3   4   2  13   1    53   0   0   0   4  -38
williams,kenric   okl SF 53 1184  179  345  50 134  17   39  96  260  105  45  32  14 112   0   425   0   0   0  10   77
williams,mark     cha  C 43  804  160  251   0   0  67   97  93  304   18  28  40  45  94   0   387   0   0   0  17  -79
williams,patric   chi PF 82 2286  314  677 115 276  90  105  78  326  100  72 101  70 147   1   833   0   0   0  65 -143
williams,robert   bos  C 35  806  127  170   0   1  25   41 104  292   50  22  34  48  68   0   279   0   0   0  20  173
williams,vince    mem SF 15   99   12   40   4  28   2    2   4   15    4   6   5   2  12   0    30   0   0   0   1  -34
williams,ziaire   mem SG 37  541   84  196  25  97  17   22  16   79   35  14  37   6  58   0   210   0   0   0   4  -75
williamson,zion   nor PF 29  941  285  469   7  19 177  248  58  202  133  32  99  16  65   0   754   0   0   0  29  149
windler,dylan     cle SG  3    9    2    3   1   2   0    0   0    0    1   1   1   0   0   0     5   0   0   0   0   -1
winslow,justise   por PF 29  763   81  197  14  44  20   28  49  145   98  30  43  11  89   0   196   0   0   0  11  -38
wiseman,james     det  C 24  592  130  244   3  18  42   59  55  194   16   4  37  20  69   4   305   0   0   0  22 -220
wiseman,james     gsw  C 21  253   59   94   1   2  26   38  18   73   14   3  14   7  39   0   145   0   0   0   0 -107
wiseman,james     tot  C 45  845  189  338   4  20  68   97  73  267   30   7  51  27 108   4   450   0   0   0  22 -327
wood,christian    dal  C 67 1709  396  769 105 280 217  281  87  491  121  30 121  72 169   1  1114   0   0   0  17  -43
wright,delon      was SG 50 1193  138  292  41 120  52   60  58  181  194  92  44  17  59   0   369   0   0   0  14   74
wright,mckinley   dal PG 26  322   46   98   9  28  13   19   9   47   58   8  19   5  24   0   114   0   0   0   1 -110
york,gabe         ind PG  3   55    8   21   6  18   2    2   0    6    5   2   0   0   5   0    24   0   0   0   0   24
young,thaddeus    tor PF 53  771  108  197   6  34  18   26  71  166   75  54  42   5  88   0   240   0   0   0   9  -90
young,trae        atl PG 73 2505  597 1390 154 460 566  639  56  217  741  80 300   9 104   0  1914   0   0   0  73  100
yurtseven,omer    mia  C  9   79   16   27   3   7   5    6   8   23    2   2   4   2  16   0    40   0   0   0   0   10
zeller,cody       mia  C 15  208   37   59   0   2  24   35  25   64   10   3  14   4  33   0    98   0   0   0   2  -48
zubac,ivica       lac  C 76 2134  326  514   0   2 166  238 236  756   77  29 116  98 219   3   818   0   0   0  76  -33
